./runs/100d_multimul_pan12_probI/1475024185/checkpoints/model-2000
Test for prob: I
Total number of test examples: 32536
ACC	0.18020039341
MSE	26.7041738382
Confusion matrix 
[[ 736  270   39   12  100    2   11   36   29  186   19  106   15   37]
 [  42 1056  262  249  101   13   12   39  152  215   37   28   28   40]
 [  63 1527  676  170  109  246   34  133  164  549   33   65  105  245]
 [  17  871  161  432  213   17   53   55   83   45   41   63  101  120]
 [ 119 1052  171  335  374    4   33  140  110  352  128  202   31  139]
 [  40  332   31   22   15   86    6   68   61   78   20   28   10   17]
 [   2  800  214  149  116  395   80   16   34  110   12    5   92   81]
 [ 115  885  310  300  177    6   40  402  106  255   24  291   78  110]
 [ 260 2009  441  270  139   46   66  207  373  355  156  259  107  167]
 [  40 1301  277   19  115   33   38   50   19 1044   51   34    9   84]
 [  17  867  289  418  164   25   45   57  134  282  110   35   81  103]
 [  21  620  122   31   15   21   10   28   13  193   59   67   81   90]
 [  13  155   79   14    2    2   18   25   10   48   13   50  368   71]
 [   0    7    0   39    5   38    0    0   42    1   13   13   12   59]]
Normalized confusion matrix
[[ 0.46  0.17  0.02  0.01  0.06  0.    0.01  0.02  0.02  0.12  0.01  0.07
   0.01  0.02]
 [ 0.02  0.46  0.12  0.11  0.04  0.01  0.01  0.02  0.07  0.09  0.02  0.01
   0.01  0.02]
 [ 0.02  0.37  0.16  0.04  0.03  0.06  0.01  0.03  0.04  0.13  0.01  0.02
   0.03  0.06]
 [ 0.01  0.38  0.07  0.19  0.09  0.01  0.02  0.02  0.04  0.02  0.02  0.03
   0.04  0.05]
 [ 0.04  0.33  0.05  0.11  0.12  0.    0.01  0.04  0.03  0.11  0.04  0.06
   0.01  0.04]
 [ 0.05  0.41  0.04  0.03  0.02  0.11  0.01  0.08  0.07  0.1   0.02  0.03
   0.01  0.02]
 [ 0.    0.38  0.1   0.07  0.06  0.19  0.04  0.01  0.02  0.05  0.01  0.
   0.04  0.04]
 [ 0.04  0.29  0.1   0.1   0.06  0.    0.01  0.13  0.03  0.08  0.01  0.09
   0.03  0.04]
 [ 0.05  0.41  0.09  0.06  0.03  0.01  0.01  0.04  0.08  0.07  0.03  0.05
   0.02  0.03]
 [ 0.01  0.42  0.09  0.01  0.04  0.01  0.01  0.02  0.01  0.34  0.02  0.01
   0.    0.03]
 [ 0.01  0.33  0.11  0.16  0.06  0.01  0.02  0.02  0.05  0.11  0.04  0.01
   0.03  0.04]
 [ 0.02  0.45  0.09  0.02  0.01  0.02  0.01  0.02  0.01  0.14  0.04  0.05
   0.06  0.07]
 [ 0.01  0.18  0.09  0.02  0.    0.    0.02  0.03  0.01  0.06  0.01  0.06
   0.42  0.08]
 [ 0.    0.03  0.    0.17  0.02  0.17  0.    0.    0.18  0.    0.06  0.06
   0.05  0.26]]
File:0
[ 119 1052  171  335  374    4   33  140  110  352  128  202   31  138]   pred: 1   true: 4
File:1
[ 17 871 161 432 213  17  53  55  83  44  41  63 101 120]   pred: 1   true: 3
File:2
[  2 800 214 149 116 394  80  16  34 110  12   5  92  81]   pred: 1   true: 6
File:3
[  40 1301  277   19  114   33   38   50   19 1044   51   34    9   84]   pred: 1   true: 9
File:4
[ 260 2008  441  270  139   46   66  207  373  355  156  259  107  167]   pred: 1   true: 8
File:5
[ 17 866 289 418 164  25  45  57 134 282 110  35  81 103]   pred: 1   true: 10
File:6
[735 270  39  12 100   2  11  36  29 186  19 106  15  37]   pred: 0   true: 0
File:7
[115 884 310 300 177   6  40 402 106 255  24 291  78 110]   pred: 1   true: 7
File:8
[ 40 332  31  22  15  86   6  67  61  78  20  28  10  17]   pred: 1   true: 5
File:9
[  63 1526  676  170  109  246   34  133  164  549   33   65  105  245]   pred: 1   true: 2
File:10
[  42 1056  262  249  101   13   12   39  152  214   37   28   28   40]   pred: 1   true: 1
File:11
[ 13 154  79  14   2   2  18  25  10  48  13  50 368  71]   pred: 12   true: 12
File:12
[ 0  6  0 39  5 38  0  0 42  1 13 13 12 59]   pred: 13   true: 13
File:13
[ 21 619 122  31  15  21  10  28  13 193  59  67  81  90]   pred: 1   true: 11

Document ACC
Doc ACC: 4
Doc ACC: 0.285714285714 (norm)
precision recall fscore support
class 0: (0.22077922077922077, 0.2857142857142857, 0.22619047619047622, None)
class 1: (0.22077922077922077, 0.2857142857142857, 0.22619047619047622, None)
class 2: (0.22077922077922077, 0.2857142857142857, 0.22619047619047622, None)
class 3: (0.22077922077922077, 0.2857142857142857, 0.22619047619047622, None)
class 4: (0.22077922077922077, 0.2857142857142857, 0.22619047619047622, None)
class 5: (0.22077922077922077, 0.2857142857142857, 0.22619047619047622, None)
class 6: (0.22077922077922077, 0.2857142857142857, 0.22619047619047622, None)
class 7: (0.22077922077922077, 0.2857142857142857, 0.22619047619047622, None)
class 8: (0.22077922077922077, 0.2857142857142857, 0.22619047619047622, None)
class 9: (0.22077922077922077, 0.2857142857142857, 0.22619047619047622, None)
class 10: (0.22077922077922077, 0.2857142857142857, 0.22619047619047622, None)
class 11: (0.22077922077922077, 0.2857142857142857, 0.22619047619047622, None)
class 12: (0.22077922077922077, 0.2857142857142857, 0.22619047619047622, None)
class 13: (0.22077922077922077, 0.2857142857142857, 0.22619047619047622, None)
avg : (0.22077922077922077, 0.2857142857142857, 0.22619047619047622, None)


./runs/100d_multimul_pan12_probI/1475024185/checkpoints/model-2250
Test for prob: I
Total number of test examples: 32536
ACC	0.193170641751
MSE	24.8343988198
Confusion matrix 
[[ 809  188   52    6   66    0    7   22    2  297   47   89    5    8]
 [  31 1005  381  184  110    1   15   33   11  379   79   26    8   11]
 [  77 1310 1059   97  126   89   43  104    0  932   99   83   32   68]
 [  21  884  369  303  245    3   56   51    1   90   98   84   40   27]
 [  97  897  338  178  398    0   51   86    5  685  200  209    7   39]
 [  64  265   85    6   27   33   10   77   14  159   48   18    6    2]
 [   1  619  503   82  168  193  243   19    2  172   38   11   29   26]
 [  73  896  474  166  186    0   54  336    3  463   92  290   27   39]
 [ 209 1841  805  200  158    5   70  192   15  723  326  246   35   30]
 [  26  996  335    7  108    3   37   28    1 1437   88   33    5   10]
 [  24  733  463  343  141    9   42   40   11  471  251   42   35   22]
 [  12  489  213   14   16    3   27   23    1  333   84   90   39   27]
 [  21  143  145   11    2    0   18   17    0   83   57   72  282   17]
 [   0   21    7   26   27   15    2    2    0    3   46   43   13   24]]
Normalized confusion matrix
[[  5.06e-01   1.18e-01   3.25e-02   3.75e-03   4.13e-02   0.00e+00
    4.38e-03   1.38e-02   1.25e-03   1.86e-01   2.94e-02   5.57e-02
    3.13e-03   5.01e-03]
 [  1.36e-02   4.42e-01   1.68e-01   8.09e-02   4.84e-02   4.40e-04
    6.60e-03   1.45e-02   4.84e-03   1.67e-01   3.47e-02   1.14e-02
    3.52e-03   4.84e-03]
 [  1.87e-02   3.18e-01   2.57e-01   2.35e-02   3.06e-02   2.16e-02
    1.04e-02   2.52e-02   0.00e+00   2.26e-01   2.40e-02   2.02e-02
    7.77e-03   1.65e-02]
 [  9.24e-03   3.89e-01   1.62e-01   1.33e-01   1.08e-01   1.32e-03
    2.46e-02   2.24e-02   4.40e-04   3.96e-02   4.31e-02   3.70e-02
    1.76e-02   1.19e-02]
 [  3.04e-02   2.81e-01   1.06e-01   5.58e-02   1.25e-01   0.00e+00
    1.60e-02   2.70e-02   1.57e-03   2.15e-01   6.27e-02   6.55e-02
    2.19e-03   1.22e-02]
 [  7.86e-02   3.26e-01   1.04e-01   7.37e-03   3.32e-02   4.05e-02
    1.23e-02   9.46e-02   1.72e-02   1.95e-01   5.90e-02   2.21e-02
    7.37e-03   2.46e-03]
 [  4.75e-04   2.94e-01   2.39e-01   3.89e-02   7.98e-02   9.16e-02
    1.15e-01   9.02e-03   9.50e-04   8.17e-02   1.80e-02   5.22e-03
    1.38e-02   1.23e-02]
 [  2.36e-02   2.89e-01   1.53e-01   5.36e-02   6.00e-02   0.00e+00
    1.74e-02   1.08e-01   9.68e-04   1.49e-01   2.97e-02   9.36e-02
    8.71e-03   1.26e-02]
 [  4.30e-02   3.79e-01   1.66e-01   4.12e-02   3.25e-02   1.03e-03
    1.44e-02   3.95e-02   3.09e-03   1.49e-01   6.71e-02   5.07e-02
    7.21e-03   6.18e-03]
 [  8.35e-03   3.20e-01   1.08e-01   2.25e-03   3.47e-02   9.63e-04
    1.19e-02   8.99e-03   3.21e-04   4.61e-01   2.83e-02   1.06e-02
    1.61e-03   3.21e-03]
 [  9.14e-03   2.79e-01   1.76e-01   1.31e-01   5.37e-02   3.43e-03
    1.60e-02   1.52e-02   4.19e-03   1.79e-01   9.55e-02   1.60e-02
    1.33e-02   8.37e-03]
 [  8.75e-03   3.57e-01   1.55e-01   1.02e-02   1.17e-02   2.19e-03
    1.97e-02   1.68e-02   7.29e-04   2.43e-01   6.13e-02   6.56e-02
    2.84e-02   1.97e-02]
 [  2.42e-02   1.65e-01   1.67e-01   1.27e-02   2.30e-03   0.00e+00
    2.07e-02   1.96e-02   0.00e+00   9.56e-02   6.57e-02   8.29e-02
    3.25e-01   1.96e-02]
 [  0.00e+00   9.17e-02   3.06e-02   1.14e-01   1.18e-01   6.55e-02
    8.73e-03   8.73e-03   0.00e+00   1.31e-02   2.01e-01   1.88e-01
    5.68e-02   1.05e-01]]
File:0
[ 97 897 338 178 398   0  51  86   5 685 200 209   7  38]   pred: 1   true: 4
File:1
[ 21 884 369 303 245   3  56  51   1  89  98  84  40  27]   pred: 1   true: 3
File:2
[  1 619 502  82 168 193 243  19   2 172  38  11  29  26]   pred: 1   true: 6
File:3
[  26  996  335    7  108    3   37   28    1 1436   88   33    5   10]   pred: 9   true: 9
File:4
[ 209 1840  805  200  158    5   70  192   15  723  326  246   35   30]   pred: 1   true: 8
File:5
[ 24 733 463 343 140   9  42  40  11 471 251  42  35  22]   pred: 1   true: 10
File:6
[808 188  52   6  66   0   7  22   2 297  47  89   5   8]   pred: 0   true: 0
File:7
[ 73 895 474 166 186   0  54 336   3 463  92 290  27  39]   pred: 1   true: 7
File:8
[ 64 264  85   6  27  33  10  77  14 159  48  18   6   2]   pred: 1   true: 5
File:9
[  77 1310 1059   97  126   89   43  104    0  931   99   83   32   68]   pred: 1   true: 2
File:10
[  31 1005  381  184  110    1   15   33   11  378   79   26    8   11]   pred: 1   true: 1
File:11
[ 21 142 145  11   2   0  18  17   0  83  57  72 282  17]   pred: 12   true: 12
File:12
[ 0 21  6 26 27 15  2  2  0  3 46 43 13 24]   pred: 10   true: 13
File:13
[ 12 489 213  14  16   3  27  23   1 333  83  90  39  27]   pred: 1   true: 11

Document ACC
Doc ACC: 4
Doc ACC: 0.285714285714 (norm)
precision recall fscore support
class 0: (0.22142857142857145, 0.2857142857142857, 0.22727272727272727, None)
class 1: (0.22142857142857145, 0.2857142857142857, 0.22727272727272727, None)
class 2: (0.22142857142857145, 0.2857142857142857, 0.22727272727272727, None)
class 3: (0.22142857142857145, 0.2857142857142857, 0.22727272727272727, None)
class 4: (0.22142857142857145, 0.2857142857142857, 0.22727272727272727, None)
class 5: (0.22142857142857145, 0.2857142857142857, 0.22727272727272727, None)
class 6: (0.22142857142857145, 0.2857142857142857, 0.22727272727272727, None)
class 7: (0.22142857142857145, 0.2857142857142857, 0.22727272727272727, None)
class 8: (0.22142857142857145, 0.2857142857142857, 0.22727272727272727, None)
class 9: (0.22142857142857145, 0.2857142857142857, 0.22727272727272727, None)
class 10: (0.22142857142857145, 0.2857142857142857, 0.22727272727272727, None)
class 11: (0.22142857142857145, 0.2857142857142857, 0.22727272727272727, None)
class 12: (0.22142857142857145, 0.2857142857142857, 0.22727272727272727, None)
class 13: (0.22142857142857145, 0.2857142857142857, 0.22727272727272727, None)
avg : (0.22142857142857145, 0.2857142857142857, 0.22727272727272727, None)


./runs/100d_multimul_pan12_probI/1475024185/checkpoints/model-2500
Test for prob: I
Total number of test examples: 32536
ACC	0.214377919843
MSE	21.9224243914
Confusion matrix 
[[ 638  189  114   15  179    0   14   69    8  240   33   39   51    9]
 [   7  594  611  252  223    0   21   80   16  344   71    2   50    3]
 [   8  828 1407  154  309   20   66  189    3  847   63    1  196   28]
 [   1  495  477  408  435    1   87   62    3   71   63   12  151    6]
 [  30  574  532  300  742    0   58  189   18  462  151   26   90   18]
 [   7  190  144   21   78    8   22   84   22  152   40    3   43    0]
 [   0  409  530   86  304   68  398   17    1  136   26    1  121    9]
 [  26  538  565  232  351    0   68  623   10  407   43   36  181   19]
 [  43 1090 1293  272  375    1  102  366   33  706  224   18  313   19]
 [   2  793  482   16  208    3   52   67    1 1366   86    4   28    6]
 [   3  431  599  385  302    4   60   77   25  377  196    1  164    3]
 [   3  276  284   36   29    1   29   58    0  324   71   15  233   12]
 [   1   67  114   12    6    0   10   29    0   67   21    3  536    2]
 [   0    4    6   31   66    1    1    5    0    2    4    0   98   11]]
Normalized confusion matrix
[[  3.99e-01   1.18e-01   7.13e-02   9.39e-03   1.12e-01   0.00e+00
    8.76e-03   4.32e-02   5.01e-03   1.50e-01   2.07e-02   2.44e-02
    3.19e-02   5.63e-03]
 [  3.08e-03   2.61e-01   2.69e-01   1.11e-01   9.81e-02   0.00e+00
    9.23e-03   3.52e-02   7.04e-03   1.51e-01   3.12e-02   8.80e-04
    2.20e-02   1.32e-03]
 [  1.94e-03   2.01e-01   3.42e-01   3.74e-02   7.50e-02   4.86e-03
    1.60e-02   4.59e-02   7.28e-04   2.06e-01   1.53e-02   2.43e-04
    4.76e-02   6.80e-03]
 [  4.40e-04   2.18e-01   2.10e-01   1.80e-01   1.91e-01   4.40e-04
    3.83e-02   2.73e-02   1.32e-03   3.12e-02   2.77e-02   5.28e-03
    6.65e-02   2.64e-03]
 [  9.40e-03   1.80e-01   1.67e-01   9.40e-02   2.33e-01   0.00e+00
    1.82e-02   5.92e-02   5.64e-03   1.45e-01   4.73e-02   8.15e-03
    2.82e-02   5.64e-03]
 [  8.60e-03   2.33e-01   1.77e-01   2.58e-02   9.58e-02   9.83e-03
    2.70e-02   1.03e-01   2.70e-02   1.87e-01   4.91e-02   3.69e-03
    5.28e-02   0.00e+00]
 [  0.00e+00   1.94e-01   2.52e-01   4.08e-02   1.44e-01   3.23e-02
    1.89e-01   8.07e-03   4.75e-04   6.46e-02   1.23e-02   4.75e-04
    5.75e-02   4.27e-03]
 [  8.39e-03   1.74e-01   1.82e-01   7.49e-02   1.13e-01   0.00e+00
    2.19e-02   2.01e-01   3.23e-03   1.31e-01   1.39e-02   1.16e-02
    5.84e-02   6.13e-03]
 [  8.86e-03   2.25e-01   2.66e-01   5.60e-02   7.72e-02   2.06e-04
    2.10e-02   7.54e-02   6.80e-03   1.45e-01   4.61e-02   3.71e-03
    6.45e-02   3.91e-03]
 [  6.42e-04   2.55e-01   1.55e-01   5.14e-03   6.68e-02   9.63e-04
    1.67e-02   2.15e-02   3.21e-04   4.39e-01   2.76e-02   1.28e-03
    8.99e-03   1.93e-03]
 [  1.14e-03   1.64e-01   2.28e-01   1.47e-01   1.15e-01   1.52e-03
    2.28e-02   2.93e-02   9.52e-03   1.44e-01   7.46e-02   3.81e-04
    6.24e-02   1.14e-03]
 [  2.19e-03   2.01e-01   2.07e-01   2.63e-02   2.12e-02   7.29e-04
    2.12e-02   4.23e-02   0.00e+00   2.36e-01   5.18e-02   1.09e-02
    1.70e-01   8.75e-03]
 [  1.15e-03   7.72e-02   1.31e-01   1.38e-02   6.91e-03   0.00e+00
    1.15e-02   3.34e-02   0.00e+00   7.72e-02   2.42e-02   3.46e-03
    6.18e-01   2.30e-03]
 [  0.00e+00   1.75e-02   2.62e-02   1.35e-01   2.88e-01   4.37e-03
    4.37e-03   2.18e-02   0.00e+00   8.73e-03   1.75e-02   0.00e+00
    4.28e-01   4.80e-02]]
File:0
[ 30 574 531 300 742   0  58 189  18 462 151  26  90  18]   pred: 4   true: 4
File:1
[  1 495 477 408 435   1  87  62   3  70  63  12 151   6]   pred: 1   true: 3
File:2
[  0 409 529  86 304  68 398  17   1 136  26   1 121   9]   pred: 2   true: 6
File:3
[   2  793  482   16  207    3   52   67    1 1366   86    4   28    6]   pred: 9   true: 9
File:4
[  43 1089 1293  272  375    1  102  366   33  706  224   18  313   19]   pred: 2   true: 8
File:5
[  3 430 599 385 302   4  60  77  25 377 196   1 164   3]   pred: 2   true: 10
File:6
[637 189 114  15 179   0  14  69   8 240  33  39  51   9]   pred: 0   true: 0
File:7
[ 26 537 565 232 351   0  68 623  10 407  43  36 181  19]   pred: 7   true: 7
File:8
[  7 190 144  21  78   8  22  83  22 152  40   3  43]   pred: 1   true: 5
File:9
[   8  828 1407  154  309   20   66  189    3  846   63    1  196   28]   pred: 2   true: 2
File:10
[  7 594 611 252 223   0  21  80  16 343  71   2  50   3]   pred: 2   true: 1
File:11
[  1  66 114  12   6   0  10  29   0  67  21   3 536   2]   pred: 12   true: 12
File:12
[ 0  4  6 31 65  1  1  5  0  2  4  0 98 11]   pred: 12   true: 13
File:13
[  3 276 284  36  29   1  28  58   0 324  71  15 233  12]   pred: 9   true: 11

Document ACC
Doc ACC: 6
Doc ACC: 0.428571428571 (norm)
precision recall fscore support
class 0: (0.29999999999999999, 0.42857142857142855, 0.33333333333333337, None)
class 1: (0.29999999999999999, 0.42857142857142855, 0.33333333333333337, None)
class 2: (0.29999999999999999, 0.42857142857142855, 0.33333333333333337, None)
class 3: (0.29999999999999999, 0.42857142857142855, 0.33333333333333337, None)
class 4: (0.29999999999999999, 0.42857142857142855, 0.33333333333333337, None)
class 5: (0.29999999999999999, 0.42857142857142855, 0.33333333333333337, None)
class 6: (0.29999999999999999, 0.42857142857142855, 0.33333333333333337, None)
class 7: (0.29999999999999999, 0.42857142857142855, 0.33333333333333337, None)
class 8: (0.29999999999999999, 0.42857142857142855, 0.33333333333333337, None)
class 9: (0.29999999999999999, 0.42857142857142855, 0.33333333333333337, None)
class 10: (0.29999999999999999, 0.42857142857142855, 0.33333333333333337, None)
class 11: (0.29999999999999999, 0.42857142857142855, 0.33333333333333337, None)
class 12: (0.29999999999999999, 0.42857142857142855, 0.33333333333333337, None)
class 13: (0.29999999999999999, 0.42857142857142855, 0.33333333333333337, None)
avg : (0.29999999999999999, 0.42857142857142855, 0.33333333333333337, None)


./runs/100d_multimul_pan12_probI/1475024185/checkpoints/model-2750
Test for prob: I
Total number of test examples: 32536
ACC	0.200301204819
MSE	25.0872879272
Confusion matrix 
[[ 880  202   33    2   45    2    8   96    8  192   24   31    6   69]
 [  32  836  312  165   86   27    4  283   80  287   55    1   12   94]
 [  53 1145  770   87   74  143   28  582   23  734   40    6   38  396]
 [  12  687  257  347  106   14   31  373   24   58   38   13   45  267]
 [ 120  789  238  196  305    6   22  551   38  407  147   22   13  336]
 [  40  227   42    8   16   43    7  215   44  114   21    7    5   25]
 [   2  499  314   83  152  400  243   96   16   91    8    0   37  165]
 [  63  697  297   88  102    2   29 1132   17  311   25   33   45  258]
 [ 186 1496  564  141   88   31   30 1044  113  541  167   11   37  406]
 [  24 1083  265   20  109   16   26  162   11 1208   58    5    6  121]
 [  22  633  372  347  100   52   26  284   67  302  181    4   43  194]
 [  10  444  139   18    9   12   11  144    4  247   42   10   58  223]
 [  11  125   69    8    1    1    7  106    0   43    9    1  291  196]
 [   0    3    1    8    3   21    0   23    3    1    7    0    1  158]]
Normalized confusion matrix
[[  5.51e-01   1.26e-01   2.07e-02   1.25e-03   2.82e-02   1.25e-03
    5.01e-03   6.01e-02   5.01e-03   1.20e-01   1.50e-02   1.94e-02
    3.75e-03   4.32e-02]
 [  1.41e-02   3.68e-01   1.37e-01   7.26e-02   3.78e-02   1.19e-02
    1.76e-03   1.24e-01   3.52e-02   1.26e-01   2.42e-02   4.40e-04
    5.28e-03   4.13e-02]
 [  1.29e-02   2.78e-01   1.87e-01   2.11e-02   1.80e-02   3.47e-02
    6.80e-03   1.41e-01   5.58e-03   1.78e-01   9.71e-03   1.46e-03
    9.23e-03   9.61e-02]
 [  5.28e-03   3.02e-01   1.13e-01   1.53e-01   4.67e-02   6.16e-03
    1.36e-02   1.64e-01   1.06e-02   2.55e-02   1.67e-02   5.72e-03
    1.98e-02   1.18e-01]
 [  3.76e-02   2.47e-01   7.46e-02   6.14e-02   9.56e-02   1.88e-03
    6.90e-03   1.73e-01   1.19e-02   1.28e-01   4.61e-02   6.90e-03
    4.08e-03   1.05e-01]
 [  4.91e-02   2.79e-01   5.16e-02   9.83e-03   1.97e-02   5.28e-02
    8.60e-03   2.64e-01   5.41e-02   1.40e-01   2.58e-02   8.60e-03
    6.14e-03   3.07e-02]
 [  9.50e-04   2.37e-01   1.49e-01   3.94e-02   7.22e-02   1.90e-01
    1.15e-01   4.56e-02   7.60e-03   4.32e-02   3.80e-03   0.00e+00
    1.76e-02   7.83e-02]
 [  2.03e-02   2.25e-01   9.58e-02   2.84e-02   3.29e-02   6.45e-04
    9.36e-03   3.65e-01   5.49e-03   1.00e-01   8.07e-03   1.06e-02
    1.45e-02   8.33e-02]
 [  3.83e-02   3.08e-01   1.16e-01   2.90e-02   1.81e-02   6.39e-03
    6.18e-03   2.15e-01   2.33e-02   1.11e-01   3.44e-02   2.27e-03
    7.62e-03   8.36e-02]
 [  7.71e-03   3.48e-01   8.51e-02   6.42e-03   3.50e-02   5.14e-03
    8.35e-03   5.20e-02   3.53e-03   3.88e-01   1.86e-02   1.61e-03
    1.93e-03   3.89e-02]
 [  8.37e-03   2.41e-01   1.42e-01   1.32e-01   3.81e-02   1.98e-02
    9.90e-03   1.08e-01   2.55e-02   1.15e-01   6.89e-02   1.52e-03
    1.64e-02   7.38e-02]
 [  7.29e-03   3.24e-01   1.01e-01   1.31e-02   6.56e-03   8.75e-03
    8.02e-03   1.05e-01   2.92e-03   1.80e-01   3.06e-02   7.29e-03
    4.23e-02   1.63e-01]
 [  1.27e-02   1.44e-01   7.95e-02   9.22e-03   1.15e-03   1.15e-03
    8.06e-03   1.22e-01   0.00e+00   4.95e-02   1.04e-02   1.15e-03
    3.35e-01   2.26e-01]
 [  0.00e+00   1.31e-02   4.37e-03   3.49e-02   1.31e-02   9.17e-02
    0.00e+00   1.00e-01   1.31e-02   4.37e-03   3.06e-02   0.00e+00
    4.37e-03   6.90e-01]]
File:0
[120 789 238 196 305   6  22 551  38 407 147  22  13 335]   pred: 1   true: 4
File:1
[ 12 687 257 347 106  14  31 373  24  57  38  13  45 267]   pred: 1   true: 3
File:2
[  2 499 314  83 152 400 243  95  16  91   8   0  37 165]   pred: 1   true: 6
File:3
[  24 1083  265   20  108   16   26  162   11 1208   58    5    6  121]   pred: 9   true: 9
File:4
[ 186 1495  564  141   88   31   30 1044  113  541  167   11   37  406]   pred: 1   true: 8
File:5
[ 22 632 372 347 100  52  26 284  67 302 181   4  43 194]   pred: 1   true: 10
File:6
[879 202  33   2  45   2   8  96   8 192  24  31   6  69]   pred: 0   true: 0
File:7
[  63  696  297   88  102    2   29 1132   17  311   25   33   45  258]   pred: 7   true: 7
File:8
[ 40 227  42   8  16  43   7 214  44 114  21   7   5  25]   pred: 1   true: 5
File:9
[  53 1144  770   87   74  143   28  582   23  734   40    6   38  396]   pred: 1   true: 2
File:10
[ 32 836 312 165  86  27   4 283  80 286  55   1  12  94]   pred: 1   true: 1
File:11
[ 11 124  69   8   1   1   7 106   0  43   9   1 291 196]   pred: 12   true: 12
File:12
[  0   3   1   8   3  21   0  23   3   1   7   0   1 157]   pred: 13   true: 13
File:13
[ 10 444 139  18   9  12  10 144   4 247  42  10  58 223]   pred: 1   true: 11

Document ACC
Doc ACC: 6
Doc ACC: 0.428571428571 (norm)
precision recall fscore support
class 0: (0.36507936507936506, 0.42857142857142855, 0.37142857142857144, None)
class 1: (0.36507936507936506, 0.42857142857142855, 0.37142857142857144, None)
class 2: (0.36507936507936506, 0.42857142857142855, 0.37142857142857144, None)
class 3: (0.36507936507936506, 0.42857142857142855, 0.37142857142857144, None)
class 4: (0.36507936507936506, 0.42857142857142855, 0.37142857142857144, None)
class 5: (0.36507936507936506, 0.42857142857142855, 0.37142857142857144, None)
class 6: (0.36507936507936506, 0.42857142857142855, 0.37142857142857144, None)
class 7: (0.36507936507936506, 0.42857142857142855, 0.37142857142857144, None)
class 8: (0.36507936507936506, 0.42857142857142855, 0.37142857142857144, None)
class 9: (0.36507936507936506, 0.42857142857142855, 0.37142857142857144, None)
class 10: (0.36507936507936506, 0.42857142857142855, 0.37142857142857144, None)
class 11: (0.36507936507936506, 0.42857142857142855, 0.37142857142857144, None)
class 12: (0.36507936507936506, 0.42857142857142855, 0.37142857142857144, None)
class 13: (0.36507936507936506, 0.42857142857142855, 0.37142857142857144, None)
avg : (0.36507936507936506, 0.42857142857142855, 0.37142857142857144, None)


./runs/100d_multimul_pan12_probI/1475024185/checkpoints/model-3000
Test for prob: I
Total number of test examples: 32536
ACC	0.213486599459
MSE	24.7882038358
Confusion matrix 
[[ 908  133   55    5   44    0    2   73    2  205   17   67   39   48]
 [  46  693  509  238  100    2    6  207   13  265   51    4   83   57]
 [  87  764 1217   90   75   30   20  513    2  690   26   30  241  334]
 [  20  506  436  401  114    3   12  215    4   57   24   38  289  153]
 [ 140  582  458  264  305    1   24  397    7  408  138   94  131  241]
 [  67  171   88   10   11    8    9  213   37  117   19   16   26   22]
 [   2  394  593   86  120  110  271   56    2  100   19    1  264   88]
 [  76  436  569  122   91    0   18  913    1  288   18  126  273  168]
 [ 230 1038 1076  200   92    3   19  786   21  463  133   59  445  290]
 [  44  766  506   14   94    2   19  147    2 1296   59    8   39  118]
 [  38  484  578  344   87    4   14  170    7  310  195   11  257  128]
 [   6  213  226   26    8    0    5  110    1  282   43   37  286  128]
 [  10   53   75    5    0    0    1   54    0   43    7   13  567   40]
 [   0    2    1    8    2    0    0   17    0    1    3    0   81  114]]
Normalized confusion matrix
[[  5.68e-01   8.32e-02   3.44e-02   3.13e-03   2.75e-02   0.00e+00
    1.25e-03   4.57e-02   1.25e-03   1.28e-01   1.06e-02   4.19e-02
    2.44e-02   3.00e-02]
 [  2.02e-02   3.05e-01   2.24e-01   1.05e-01   4.40e-02   8.80e-04
    2.64e-03   9.10e-02   5.72e-03   1.17e-01   2.24e-02   1.76e-03
    3.65e-02   2.51e-02]
 [  2.11e-02   1.85e-01   2.95e-01   2.18e-02   1.82e-02   7.28e-03
    4.86e-03   1.25e-01   4.86e-04   1.68e-01   6.31e-03   7.28e-03
    5.85e-02   8.11e-02]
 [  8.80e-03   2.23e-01   1.92e-01   1.76e-01   5.02e-02   1.32e-03
    5.28e-03   9.46e-02   1.76e-03   2.51e-02   1.06e-02   1.67e-02
    1.27e-01   6.73e-02]
 [  4.39e-02   1.82e-01   1.44e-01   8.28e-02   9.56e-02   3.13e-04
    7.52e-03   1.24e-01   2.19e-03   1.28e-01   4.33e-02   2.95e-02
    4.11e-02   7.55e-02]
 [  8.23e-02   2.10e-01   1.08e-01   1.23e-02   1.35e-02   9.83e-03
    1.11e-02   2.62e-01   4.55e-02   1.44e-01   2.33e-02   1.97e-02
    3.19e-02   2.70e-02]
 [  9.50e-04   1.87e-01   2.82e-01   4.08e-02   5.70e-02   5.22e-02
    1.29e-01   2.66e-02   9.50e-04   4.75e-02   9.02e-03   4.75e-04
    1.25e-01   4.18e-02]
 [  2.45e-02   1.41e-01   1.84e-01   3.94e-02   2.94e-02   0.00e+00
    5.81e-03   2.95e-01   3.23e-04   9.29e-02   5.81e-03   4.07e-02
    8.81e-02   5.42e-02]
 [  4.74e-02   2.14e-01   2.22e-01   4.12e-02   1.89e-02   6.18e-04
    3.91e-03   1.62e-01   4.33e-03   9.54e-02   2.74e-02   1.22e-02
    9.17e-02   5.97e-02]
 [  1.41e-02   2.46e-01   1.62e-01   4.50e-03   3.02e-02   6.42e-04
    6.10e-03   4.72e-02   6.42e-04   4.16e-01   1.89e-02   2.57e-03
    1.25e-02   3.79e-02]
 [  1.45e-02   1.84e-01   2.20e-01   1.31e-01   3.31e-02   1.52e-03
    5.33e-03   6.47e-02   2.66e-03   1.18e-01   7.42e-02   4.19e-03
    9.78e-02   4.87e-02]
 [  4.38e-03   1.55e-01   1.65e-01   1.90e-02   5.84e-03   0.00e+00
    3.65e-03   8.02e-02   7.29e-04   2.06e-01   3.14e-02   2.70e-02
    2.09e-01   9.34e-02]
 [  1.15e-02   6.11e-02   8.64e-02   5.76e-03   0.00e+00   0.00e+00
    1.15e-03   6.22e-02   0.00e+00   4.95e-02   8.06e-03   1.50e-02
    6.53e-01   4.61e-02]
 [  0.00e+00   8.73e-03   4.37e-03   3.49e-02   8.73e-03   0.00e+00
    0.00e+00   7.42e-02   0.00e+00   4.37e-03   1.31e-02   0.00e+00
    3.54e-01   4.98e-01]]
File:0
[140 582 458 264 305   1  24 397   7 408 138  94 131 240]   pred: 1   true: 4
File:1
[ 20 506 436 401 114   3  12 215   4  56  24  38 289 153]   pred: 1   true: 3
File:2
[  2 394 592  86 120 110 271  56   2 100  19   1 264  88]   pred: 2   true: 6
File:3
[  44  765  506   14   94    2   19  147    2 1296   59    8   39  118]   pred: 9   true: 9
File:4
[ 230 1037 1076  200   92    3   19  786   21  463  133   59  445  290]   pred: 2   true: 8
File:5
[ 38 483 578 344  87   4  14 170   7 310 195  11 257 128]   pred: 2   true: 10
File:6
[907 133  55   5  44   0   2  73   2 205  17  67  39  48]   pred: 0   true: 0
File:7
[ 76 435 569 122  91   0  18 913   1 288  18 126 273 168]   pred: 7   true: 7
File:8
[ 67 171  88  10  11   8   9 212  37 117  19  16  26  22]   pred: 7   true: 5
File:9
[  87  763 1217   90   75   30   20  513    2  690   26   30  241  334]   pred: 2   true: 2
File:10
[ 46 693 509 238 100   2   6 207  13 264  51   4  83  57]   pred: 1   true: 1
File:11
[ 10  52  75   5   0   0   1  54   0  43   7  13 567  40]   pred: 12   true: 12
File:12
[  0   2   1   8   2   0   0  17   0   1   3   0  81 113]   pred: 13   true: 13
File:13
[  6 213 226  26   8   0   4 110   1 282  43  37 286 128]   pred: 12   true: 11

Document ACC
Doc ACC: 7
Doc ACC: 0.5 (norm)
precision recall fscore support
class 0: (0.32738095238095238, 0.5, 0.37380952380952381, None)
class 1: (0.32738095238095238, 0.5, 0.37380952380952381, None)
class 2: (0.32738095238095238, 0.5, 0.37380952380952381, None)
class 3: (0.32738095238095238, 0.5, 0.37380952380952381, None)
class 4: (0.32738095238095238, 0.5, 0.37380952380952381, None)
class 5: (0.32738095238095238, 0.5, 0.37380952380952381, None)
class 6: (0.32738095238095238, 0.5, 0.37380952380952381, None)
class 7: (0.32738095238095238, 0.5, 0.37380952380952381, None)
class 8: (0.32738095238095238, 0.5, 0.37380952380952381, None)
class 9: (0.32738095238095238, 0.5, 0.37380952380952381, None)
class 10: (0.32738095238095238, 0.5, 0.37380952380952381, None)
class 11: (0.32738095238095238, 0.5, 0.37380952380952381, None)
class 12: (0.32738095238095238, 0.5, 0.37380952380952381, None)
class 13: (0.32738095238095238, 0.5, 0.37380952380952381, None)
avg : (0.32738095238095238, 0.5, 0.37380952380952381, None)


./runs/100d_multimul_pan12_probI/1475024185/checkpoints/model-3250
Test for prob: I
Total number of test examples: 32536
ACC	0.239242685026
MSE	20.5565834768
Confusion matrix 
[[ 906  142   50    6   44    0   21  118    9  194   23   55    9   21]
 [  23  605  445  352   85    7   75  247   75  258   56    7   21   18]
 [  58  699 1060  175   87   60  175  728   50  737   33   33   47  177]
 [  13  457  350  566  112    0  165  310   23   53   33   37   50  103]
 [ 101  529  421  321  335    1  156  563   59  364  133   75   19  113]
 [  37  165   73   15   13   10   32  245   71  111   21    9    3    9]
 [   1  312  444  113  149  105  707   91   11   72   15    4   53   29]
 [  75  397  426  175  102    0  149 1226   34  245   21  108   66   75]
 [ 168  909  846  316  112    5  272 1108  219  459  153   67   79  142]
 [  22  665  449   36   91    4  210  195   14 1304   58   12   12   42]
 [  16  399  497  478   88    4  220  255   71  264  202   10   53   70]
 [   9  226  197   42   12    2   70  181    8  278   52   73  123   98]
 [   9   50   73   14    1    0   24  115    2   46   13   30  438   53]
 [   0    3    3   26    3    9    2   25    8    2    6    5    4  133]]
Normalized confusion matrix
[[  5.67e-01   8.89e-02   3.13e-02   3.75e-03   2.75e-02   0.00e+00
    1.31e-02   7.38e-02   5.63e-03   1.21e-01   1.44e-02   3.44e-02
    5.63e-03   1.31e-02]
 [  1.01e-02   2.66e-01   1.96e-01   1.55e-01   3.74e-02   3.08e-03
    3.30e-02   1.09e-01   3.30e-02   1.13e-01   2.46e-02   3.08e-03
    9.23e-03   7.92e-03]
 [  1.41e-02   1.70e-01   2.57e-01   4.25e-02   2.11e-02   1.46e-02
    4.25e-02   1.77e-01   1.21e-02   1.79e-01   8.01e-03   8.01e-03
    1.14e-02   4.30e-02]
 [  5.72e-03   2.01e-01   1.54e-01   2.49e-01   4.93e-02   0.00e+00
    7.26e-02   1.36e-01   1.01e-02   2.33e-02   1.45e-02   1.63e-02
    2.20e-02   4.53e-02]
 [  3.17e-02   1.66e-01   1.32e-01   1.01e-01   1.05e-01   3.13e-04
    4.89e-02   1.76e-01   1.85e-02   1.14e-01   4.17e-02   2.35e-02
    5.96e-03   3.54e-02]
 [  4.55e-02   2.03e-01   8.97e-02   1.84e-02   1.60e-02   1.23e-02
    3.93e-02   3.01e-01   8.72e-02   1.36e-01   2.58e-02   1.11e-02
    3.69e-03   1.11e-02]
 [  4.75e-04   1.48e-01   2.11e-01   5.37e-02   7.08e-02   4.99e-02
    3.36e-01   4.32e-02   5.22e-03   3.42e-02   7.12e-03   1.90e-03
    2.52e-02   1.38e-02]
 [  2.42e-02   1.28e-01   1.37e-01   5.65e-02   3.29e-02   0.00e+00
    4.81e-02   3.96e-01   1.10e-02   7.91e-02   6.78e-03   3.48e-02
    2.13e-02   2.42e-02]
 [  3.46e-02   1.87e-01   1.74e-01   6.51e-02   2.31e-02   1.03e-03
    5.60e-02   2.28e-01   4.51e-02   9.45e-02   3.15e-02   1.38e-02
    1.63e-02   2.92e-02]
 [  7.06e-03   2.14e-01   1.44e-01   1.16e-02   2.92e-02   1.28e-03
    6.74e-02   6.26e-02   4.50e-03   4.19e-01   1.86e-02   3.85e-03
    3.85e-03   1.35e-02]
 [  6.09e-03   1.52e-01   1.89e-01   1.82e-01   3.35e-02   1.52e-03
    8.37e-02   9.71e-02   2.70e-02   1.00e-01   7.69e-02   3.81e-03
    2.02e-02   2.66e-02]
 [  6.56e-03   1.65e-01   1.44e-01   3.06e-02   8.75e-03   1.46e-03
    5.11e-02   1.32e-01   5.84e-03   2.03e-01   3.79e-02   5.32e-02
    8.97e-02   7.15e-02]
 [  1.04e-02   5.76e-02   8.41e-02   1.61e-02   1.15e-03   0.00e+00
    2.76e-02   1.32e-01   2.30e-03   5.30e-02   1.50e-02   3.46e-02
    5.05e-01   6.11e-02]
 [  0.00e+00   1.31e-02   1.31e-02   1.14e-01   1.31e-02   3.93e-02
    8.73e-03   1.09e-01   3.49e-02   8.73e-03   2.62e-02   2.18e-02
    1.75e-02   5.81e-01]]
File:0
[101 529 421 321 335   1 156 563  59 364 133  75  19 112]   pred: 7   true: 4
File:1
[ 13 457 350 566 112   0 165 310  23  52  33  37  50 103]   pred: 3   true: 3
File:2
[  1 312 443 113 149 105 707  91  11  72  15   4  53  29]   pred: 6   true: 6
File:3
[  22  665  449   36   90    4  210  195   14 1304   58   12   12   42]   pred: 9   true: 9
File:4
[ 168  908  846  316  112    5  272 1108  219  459  153   67   79  142]   pred: 7   true: 8
File:5
[ 16 398 497 478  88   4 220 255  71 264 202  10  53  70]   pred: 2   true: 10
File:6
[905 142  50   6  44   0  21 118   9 194  23  55   9  21]   pred: 0   true: 0
File:7
[  75  396  426  175  102    0  149 1226   34  245   21  108   66   75]   pred: 7   true: 7
File:8
[ 37 165  73  15  13  10  32 244  71 111  21   9   3   9]   pred: 7   true: 5
File:9
[  58  698 1060  175   87   60  175  728   50  737   33   33   47  177]   pred: 2   true: 2
File:10
[ 23 605 445 352  85   7  75 247  75 257  56   7  21  18]   pred: 1   true: 1
File:11
[  9  49  73  14   1   0  24 115   2  46  13  30 438  53]   pred: 12   true: 12
File:12
[  0   3   3  25   3   9   2  25   8   2   6   5   4 133]   pred: 13   true: 13
File:13
[  9 226 197  42  12   2  69 181   8 278  52  73 123  98]   pred: 9   true: 11

Document ACC
Doc ACC: 9
Doc ACC: 0.642857142857 (norm)
precision recall fscore support
class 0: (0.5178571428571429, 0.6428571428571429, 0.55238095238095242, None)
class 1: (0.5178571428571429, 0.6428571428571429, 0.55238095238095242, None)
class 2: (0.5178571428571429, 0.6428571428571429, 0.55238095238095242, None)
class 3: (0.5178571428571429, 0.6428571428571429, 0.55238095238095242, None)
class 4: (0.5178571428571429, 0.6428571428571429, 0.55238095238095242, None)
class 5: (0.5178571428571429, 0.6428571428571429, 0.55238095238095242, None)
class 6: (0.5178571428571429, 0.6428571428571429, 0.55238095238095242, None)
class 7: (0.5178571428571429, 0.6428571428571429, 0.55238095238095242, None)
class 8: (0.5178571428571429, 0.6428571428571429, 0.55238095238095242, None)
class 9: (0.5178571428571429, 0.6428571428571429, 0.55238095238095242, None)
class 10: (0.5178571428571429, 0.6428571428571429, 0.55238095238095242, None)
class 11: (0.5178571428571429, 0.6428571428571429, 0.55238095238095242, None)
class 12: (0.5178571428571429, 0.6428571428571429, 0.55238095238095242, None)
class 13: (0.5178571428571429, 0.6428571428571429, 0.55238095238095242, None)
avg : (0.5178571428571429, 0.6428571428571429, 0.55238095238095242, None)


./runs/100d_multimul_pan12_probI/1475024185/checkpoints/model-3500
Test for prob: I
Total number of test examples: 32536
ACC	0.239304155397
MSE	22.0244652078
Confusion matrix 
[[ 939  128   60    1   38    0   22   61    6  216   19   54   19   35]
 [  37  603  565  115   96    8   89  146   73  382   69    6   37   48]
 [  83  562 1249   37   87   54  195  412   17  939   57   41  107  279]
 [  23  435  442  264  127    1  282  172   29   81   41   46  142  187]
 [ 150  471  480  123  367    2  216  299   42  485  177   85   67  226]
 [  50  134   94    6   13   14   41  157   73  165   25   14   11   17]
 [   1  300  500   46  126   81  749   45    0  100   21    2   93   42]
 [  94  332  527   59  105    0  180  882   27  392   46  143  169  143]
 [ 213  761 1070   86  107    8  376  638  138  717  183   73  222  263]
 [  24  509  468    7   98    3  180   84    6 1572   71   15   16   61]
 [  19  339  602  218  117    5  256  128   46  368  275   14  132  108]
 [   7  158  242   11   13    2   64   80    3  372   53   53  179  134]
 [  10   37   77    4    1    0   21   46    1   58   11   15  535   52]
 [   2    3    1    5    4   10    3   15    1    3    5    2   29  146]]
Normalized confusion matrix
[[  5.88e-01   8.01e-02   3.75e-02   6.26e-04   2.38e-02   0.00e+00
    1.38e-02   3.82e-02   3.75e-03   1.35e-01   1.19e-02   3.38e-02
    1.19e-02   2.19e-02]
 [  1.63e-02   2.65e-01   2.48e-01   5.06e-02   4.22e-02   3.52e-03
    3.91e-02   6.42e-02   3.21e-02   1.68e-01   3.03e-02   2.64e-03
    1.63e-02   2.11e-02]
 [  2.02e-02   1.36e-01   3.03e-01   8.98e-03   2.11e-02   1.31e-02
    4.73e-02   1.00e-01   4.13e-03   2.28e-01   1.38e-02   9.95e-03
    2.60e-02   6.77e-02]
 [  1.01e-02   1.91e-01   1.95e-01   1.16e-01   5.59e-02   4.40e-04
    1.24e-01   7.57e-02   1.28e-02   3.57e-02   1.80e-02   2.02e-02
    6.25e-02   8.23e-02]
 [  4.70e-02   1.48e-01   1.50e-01   3.86e-02   1.15e-01   6.27e-04
    6.77e-02   9.37e-02   1.32e-02   1.52e-01   5.55e-02   2.66e-02
    2.10e-02   7.08e-02]
 [  6.14e-02   1.65e-01   1.15e-01   7.37e-03   1.60e-02   1.72e-02
    5.04e-02   1.93e-01   8.97e-02   2.03e-01   3.07e-02   1.72e-02
    1.35e-02   2.09e-02]
 [  4.75e-04   1.42e-01   2.37e-01   2.18e-02   5.98e-02   3.85e-02
    3.56e-01   2.14e-02   0.00e+00   4.75e-02   9.97e-03   9.50e-04
    4.42e-02   1.99e-02]
 [  3.03e-02   1.07e-01   1.70e-01   1.90e-02   3.39e-02   0.00e+00
    5.81e-02   2.85e-01   8.71e-03   1.26e-01   1.48e-02   4.61e-02
    5.45e-02   4.61e-02]
 [  4.39e-02   1.57e-01   2.20e-01   1.77e-02   2.20e-02   1.65e-03
    7.74e-02   1.31e-01   2.84e-02   1.48e-01   3.77e-02   1.50e-02
    4.57e-02   5.42e-02]
 [  7.71e-03   1.63e-01   1.50e-01   2.25e-03   3.15e-02   9.63e-04
    5.78e-02   2.70e-02   1.93e-03   5.05e-01   2.28e-02   4.82e-03
    5.14e-03   1.96e-02]
 [  7.23e-03   1.29e-01   2.29e-01   8.30e-02   4.45e-02   1.90e-03
    9.74e-02   4.87e-02   1.75e-02   1.40e-01   1.05e-01   5.33e-03
    5.02e-02   4.11e-02]
 [  5.11e-03   1.15e-01   1.77e-01   8.02e-03   9.48e-03   1.46e-03
    4.67e-02   5.84e-02   2.19e-03   2.71e-01   3.87e-02   3.87e-02
    1.31e-01   9.77e-02]
 [  1.15e-02   4.26e-02   8.87e-02   4.61e-03   1.15e-03   0.00e+00
    2.42e-02   5.30e-02   1.15e-03   6.68e-02   1.27e-02   1.73e-02
    6.16e-01   5.99e-02]
 [  8.73e-03   1.31e-02   4.37e-03   2.18e-02   1.75e-02   4.37e-02
    1.31e-02   6.55e-02   4.37e-03   1.31e-02   2.18e-02   8.73e-03
    1.27e-01   6.38e-01]]
File:0
[150 471 480 123 367   2 216 299  42 485 177  85  67 225]   pred: 9   true: 4
File:1
[ 23 435 442 264 127   1 282 172  29  80  41  46 142 187]   pred: 2   true: 3
File:2
[  1 300 499  46 126  81 749  45   0 100  21   2  93  42]   pred: 6   true: 6
File:3
[  24  509  468    7   98    3  180   84    6 1571   71   15   16   61]   pred: 9   true: 9
File:4
[ 213  760 1070   86  107    8  376  638  138  717  183   73  222  263]   pred: 2   true: 8
File:5
[ 19 338 602 218 117   5 256 128  46 368 275  14 132 108]   pred: 2   true: 10
File:6
[938 128  60   1  38   0  22  61   6 216  19  54  19  35]   pred: 0   true: 0
File:7
[ 94 331 527  59 105   0 180 882  27 392  46 143 169 143]   pred: 7   true: 7
File:8
[ 50 134  94   6  13  14  41 156  73 165  25  14  11  17]   pred: 9   true: 5
File:9
[  83  561 1249   37   87   54  195  412   17  939   57   41  107  279]   pred: 2   true: 2
File:10
[ 37 603 565 115  96   8  89 146  73 381  69   6  37  48]   pred: 1   true: 1
File:11
[ 10  36  77   4   1   0  21  46   1  58  11  15 535  52]   pred: 12   true: 12
File:12
[  2   3   1   5   4  10   3  15   1   3   5   2  29 145]   pred: 13   true: 13
File:13
[  7 158 242  11  13   2  63  80   3 372  53  53 179 134]   pred: 9   true: 11

Document ACC
Doc ACC: 8
Doc ACC: 0.571428571429 (norm)
precision recall fscore support
class 0: (0.4642857142857143, 0.5714285714285714, 0.48571428571428577, None)
class 1: (0.4642857142857143, 0.5714285714285714, 0.48571428571428577, None)
class 2: (0.4642857142857143, 0.5714285714285714, 0.48571428571428577, None)
class 3: (0.4642857142857143, 0.5714285714285714, 0.48571428571428577, None)
class 4: (0.4642857142857143, 0.5714285714285714, 0.48571428571428577, None)
class 5: (0.4642857142857143, 0.5714285714285714, 0.48571428571428577, None)
class 6: (0.4642857142857143, 0.5714285714285714, 0.48571428571428577, None)
class 7: (0.4642857142857143, 0.5714285714285714, 0.48571428571428577, None)
class 8: (0.4642857142857143, 0.5714285714285714, 0.48571428571428577, None)
class 9: (0.4642857142857143, 0.5714285714285714, 0.48571428571428577, None)
class 10: (0.4642857142857143, 0.5714285714285714, 0.48571428571428577, None)
class 11: (0.4642857142857143, 0.5714285714285714, 0.48571428571428577, None)
class 12: (0.4642857142857143, 0.5714285714285714, 0.48571428571428577, None)
class 13: (0.4642857142857143, 0.5714285714285714, 0.48571428571428577, None)
avg : (0.4642857142857143, 0.5714285714285714, 0.48571428571428577, None)


