===== Filter Size: 100
===== L2 Norm: 0.3
===== Drop Out: 0.75


./runs/300d_rand_probI/1473408415/checkpoints/2500
Test for prob: I
Total number of test examples: 32574
ACC	0.267237674219
MSE	20.1630134463
Confusion matrix 
[[1044   34   50    2   76    0   29   49   22  249    2   20    1   20]
 [  13 1068   68  266  131  163   10   16   32  124  144    1   41  197]
 [  94 2006  120  114  171  221   21  132   41  292   57   16  136  698]
 [  13  845   67  437  256   42   26   29   42   26   22   28  117  322]
 [ 217  109  306   89 1157    0  277  187  201  527    6    8    8   98]
 [  55  377   10   24   24   29    4   28   81   52   22    9   11   88]
 [  10   86  368   46  311    1  994   42   39  193    0    0    3   13]
 [  88 1125  111  131  206  125   41  275   30   88   38   54  238  549]
 [ 237  121  884   60  799    6  476  386  741  903    3   29   30  180]
 [  46   51  300   13  288    2  247   81   51 1967    2    6   12   48]
 [  22   42  474  174  391    0  395   68  415  496   88    2   10   50]
 [  21   30  278   43   47    0  194  142   76  386    3   22   45   84]
 [   7  121    6   11   45    5    1   13    1    6    3    3  570  114]
 [   0    2    0    3   15    0    1    2    7    2    0    2    2  193]]
Normalized confusion matrix
[[  6.53e-01   2.13e-02   3.13e-02   1.25e-03   4.76e-02   0.00e+00
    1.81e-02   3.07e-02   1.38e-02   1.56e-01   1.25e-03   1.25e-02
    6.26e-04   1.25e-02]
 [  5.72e-03   4.70e-01   2.99e-02   1.17e-01   5.76e-02   7.17e-02
    4.40e-03   7.04e-03   1.41e-02   5.45e-02   6.33e-02   4.40e-04
    1.80e-02   8.66e-02]
 [  2.28e-02   4.87e-01   2.91e-02   2.77e-02   4.15e-02   5.37e-02
    5.10e-03   3.20e-02   9.95e-03   7.09e-02   1.38e-02   3.88e-03
    3.30e-02   1.69e-01]
 [  5.72e-03   3.72e-01   2.95e-02   1.92e-01   1.13e-01   1.85e-02
    1.14e-02   1.28e-02   1.85e-02   1.14e-02   9.68e-03   1.23e-02
    5.15e-02   1.42e-01]
 [  6.80e-02   3.42e-02   9.59e-02   2.79e-02   3.63e-01   0.00e+00
    8.68e-02   5.86e-02   6.30e-02   1.65e-01   1.88e-03   2.51e-03
    2.51e-03   3.07e-02]
 [  6.76e-02   4.63e-01   1.23e-02   2.95e-02   2.95e-02   3.56e-02
    4.91e-03   3.44e-02   9.95e-02   6.39e-02   2.70e-02   1.11e-02
    1.35e-02   1.08e-01]
 [  4.75e-03   4.08e-02   1.75e-01   2.18e-02   1.48e-01   4.75e-04
    4.72e-01   1.99e-02   1.85e-02   9.16e-02   0.00e+00   0.00e+00
    1.42e-03   6.17e-03]
 [  2.84e-02   3.63e-01   3.58e-02   4.23e-02   6.65e-02   4.03e-02
    1.32e-02   8.87e-02   9.68e-03   2.84e-02   1.23e-02   1.74e-02
    7.68e-02   1.77e-01]
 [  4.88e-02   2.49e-02   1.82e-01   1.24e-02   1.65e-01   1.24e-03
    9.80e-02   7.95e-02   1.53e-01   1.86e-01   6.18e-04   5.97e-03
    6.18e-03   3.71e-02]
 [  1.48e-02   1.64e-02   9.63e-02   4.17e-03   9.25e-02   6.42e-04
    7.93e-02   2.60e-02   1.64e-02   6.32e-01   6.42e-04   1.93e-03
    3.85e-03   1.54e-02]
 [  8.37e-03   1.60e-02   1.80e-01   6.62e-02   1.49e-01   0.00e+00
    1.50e-01   2.59e-02   1.58e-01   1.89e-01   3.35e-02   7.61e-04
    3.81e-03   1.90e-02]
 [  1.53e-02   2.19e-02   2.03e-01   3.14e-02   3.43e-02   0.00e+00
    1.42e-01   1.04e-01   5.54e-02   2.82e-01   2.19e-03   1.60e-02
    3.28e-02   6.13e-02]
 [  7.73e-03   1.34e-01   6.62e-03   1.21e-02   4.97e-02   5.52e-03
    1.10e-03   1.43e-02   1.10e-03   6.62e-03   3.31e-03   3.31e-03
    6.29e-01   1.26e-01]
 [  0.00e+00   8.73e-03   0.00e+00   1.31e-02   6.55e-02   0.00e+00
    4.37e-03   8.73e-03   3.06e-02   8.73e-03   0.00e+00   8.73e-03
    8.73e-03   8.43e-01]]
File:0
[ 217  109  305   89 1157    0  277  187  201  527    6    8    8   98]   pred: 4   true: 4
File:1
[ 13 845  67 437 256  42  26  29  42  25  22  28 117 322]   pred: 1   true: 3
File:2
[ 10  86 368  46 310   1 994  42  39 193   0   0   3  13]   pred: 6   true: 6
File:3
[  46   51  300   13  288    2  247   81   51 1966    2    6   12   48]   pred: 9   true: 9
File:4
[237 121 883  60 799   6 476 386 741 903   3  29  30 180]   pred: 9   true: 8
File:5
[ 22  42 474 173 391   0 395  68 415 496  88   2  10  50]   pred: 9   true: 10
File:6
[1043   34   50    2   76    0   29   49   22  249    2   20    1   20]   pred: 0   true: 0
File:7
[  88 1125  111  131  206  124   41  275   30   88   38   54  238  549]   pred: 1   true: 7
File:8
[ 55 376  10  24  24  29   4  28  81  52  22   9  11  88]   pred: 1   true: 5
File:9
[  94 2006  120  114  171  221   21  132   41  291   57   16  136  698]   pred: 1   true: 2
File:10
[  13 1068   68  266  131  163   10   16   32  124  144    1   41  196]   pred: 1   true: 1
File:11
[  7 121   6  11  45   5   1  13   1   6   3   3 569 114]   pred: 12   true: 12
File:12
[  0   2   0   3  15   0   1   2   7   2   0   2   1 193]   pred: 13   true: 13
File:13
[ 21  30 278  43  47   0 193 142  76 386   3  22  45  84]   pred: 9   true: 11

Document ACC
Doc ACC: 7
Doc ACC: 0.5 (norm)
precision recall fscore support
class 0: (0.38928571428571429, 0.5, 0.40952380952380951, None)
class 1: (0.38928571428571429, 0.5, 0.40952380952380951, None)
class 2: (0.38928571428571429, 0.5, 0.40952380952380951, None)
class 3: (0.38928571428571429, 0.5, 0.40952380952380951, None)
class 4: (0.38928571428571429, 0.5, 0.40952380952380951, None)
class 5: (0.38928571428571429, 0.5, 0.40952380952380951, None)
class 6: (0.38928571428571429, 0.5, 0.40952380952380951, None)
class 7: (0.38928571428571429, 0.5, 0.40952380952380951, None)
class 8: (0.38928571428571429, 0.5, 0.40952380952380951, None)
class 9: (0.38928571428571429, 0.5, 0.40952380952380951, None)
class 10: (0.38928571428571429, 0.5, 0.40952380952380951, None)
class 11: (0.38928571428571429, 0.5, 0.40952380952380951, None)
class 12: (0.38928571428571429, 0.5, 0.40952380952380951, None)
class 13: (0.38928571428571429, 0.5, 0.40952380952380951, None)
avg : (0.38928571428571429, 0.5, 0.40952380952380951, None)


./runs/300d_rand_probI/1473408415/checkpoints/3000
Test for prob: I
Total number of test examples: 32574
ACC	0.252993184749
MSE	15.8626511942
Confusion matrix 
[[ 988   24   37    5   52    0   92   76    5  252    2   58    1    6]
 [  11 1212   76  478   51   80   38   18   15  117  101   27   17   33]
 [  53 2124  136  433   65  231   63  175    7  391   70  130   23  218]
 [   2  824   93  976   69   16   88   11    2   34   10   80   17   50]
 [ 193  148  335  278  548    0  802  210   52  544    9   40    7   24]
 [  31  396   13  104   11   37   14   29   28   78   22   41    3    7]
 [   5   85  345   76  105    0 1316   48    0  119    0    2    3    2]
 [  66 1184  120  479   91  103  151  250    5  104   36  312   61  137]
 [ 165  147  722  240  305   11 1368  556  129 1046   10  112   12   32]
 [  21   45  233   29  194    0  583   98   12 1865    4   10    4   16]
 [  14   65  352  413  167    0  924  112   37  406  113   17    2    5]
 [   7   26  145  101   14    0  390  146    5  446    5   59   19    8]
 [   7  122    7   75   38   11    6   11    0   18   15   65  507   24]
 [   1   14    2   40    5    6   11    4    1    7    0   24    9  105]]
Normalized confusion matrix
[[ 0.62  0.02  0.02  0.    0.03  0.    0.06  0.05  0.    0.16  0.    0.04
   0.    0.  ]
 [ 0.    0.53  0.03  0.21  0.02  0.04  0.02  0.01  0.01  0.05  0.04  0.01
   0.01  0.01]
 [ 0.01  0.52  0.03  0.11  0.02  0.06  0.02  0.04  0.    0.09  0.02  0.03
   0.01  0.05]
 [ 0.    0.36  0.04  0.43  0.03  0.01  0.04  0.    0.    0.01  0.    0.04
   0.01  0.02]
 [ 0.06  0.05  0.11  0.09  0.17  0.    0.25  0.07  0.02  0.17  0.    0.01
   0.    0.01]
 [ 0.04  0.49  0.02  0.13  0.01  0.05  0.02  0.04  0.03  0.1   0.03  0.05
   0.    0.01]
 [ 0.    0.04  0.16  0.04  0.05  0.    0.62  0.02  0.    0.06  0.    0.    0.
   0.  ]
 [ 0.02  0.38  0.04  0.15  0.03  0.03  0.05  0.08  0.    0.03  0.01  0.1
   0.02  0.04]
 [ 0.03  0.03  0.15  0.05  0.06  0.    0.28  0.11  0.03  0.22  0.    0.02
   0.    0.01]
 [ 0.01  0.01  0.07  0.01  0.06  0.    0.19  0.03  0.    0.6   0.    0.    0.
   0.01]
 [ 0.01  0.02  0.13  0.16  0.06  0.    0.35  0.04  0.01  0.15  0.04  0.01
   0.    0.  ]
 [ 0.01  0.02  0.11  0.07  0.01  0.    0.28  0.11  0.    0.33  0.    0.04
   0.01  0.01]
 [ 0.01  0.13  0.01  0.08  0.04  0.01  0.01  0.01  0.    0.02  0.02  0.07
   0.56  0.03]
 [ 0.    0.06  0.01  0.17  0.02  0.03  0.05  0.02  0.    0.03  0.    0.1
   0.04  0.46]]
File:0
[193 148 335 278 548   0 802 210  52 543   9  40   7  24]   pred: 6   true: 4
File:1
[  2 824  93 976  69  16  88  11   2  33  10  80  17  50]   pred: 3   true: 3
File:2
[   5   84  345   76  105    0 1316   48    0  119    0    2    3    2]   pred: 6   true: 6
File:3
[  21   45  233   29  194    0  582   98   12 1865    4   10    4   16]   pred: 9   true: 9
File:4
[ 165  147  722  240  305   11 1367  556  129 1046   10  112   12   32]   pred: 6   true: 8
File:5
[ 14  65 352 412 167   0 924 112  37 406 113  17   2   5]   pred: 6   true: 10
File:6
[987  24  37   5  52   0  92  76   5 252   2  58   1   6]   pred: 0   true: 0
File:7
[  66 1184  120  479   91  102  151  250    5  104   36  312   61  137]   pred: 1   true: 7
File:8
[ 31 395  13 104  11  37  14  29  28  78  22  41   3   7]   pred: 1   true: 5
File:9
[  53 2124  136  433   65  231   63  175    7  390   70  130   23  218]   pred: 1   true: 2
File:10
[  11 1212   76  478   51   80   38   18   15  117  101   26   17   33]   pred: 1   true: 1
File:11
[  7 122   7  75  38  11   6  11   0  18  15  65 506  24]   pred: 12   true: 12
File:12
[  1  14   2  39   5   6  11   4   1   7   0  24   9 105]   pred: 13   true: 13
File:13
[  7  26 145 101  14   0 389 146   5 446   5  59  19   8]   pred: 9   true: 11

Document ACC
Doc ACC: 7
Doc ACC: 0.5 (norm)
precision recall fscore support
class 0: (0.35714285714285715, 0.5, 0.39047619047619048, None)
class 1: (0.35714285714285715, 0.5, 0.39047619047619048, None)
class 2: (0.35714285714285715, 0.5, 0.39047619047619048, None)
class 3: (0.35714285714285715, 0.5, 0.39047619047619048, None)
class 4: (0.35714285714285715, 0.5, 0.39047619047619048, None)
class 5: (0.35714285714285715, 0.5, 0.39047619047619048, None)
class 6: (0.35714285714285715, 0.5, 0.39047619047619048, None)
class 7: (0.35714285714285715, 0.5, 0.39047619047619048, None)
class 8: (0.35714285714285715, 0.5, 0.39047619047619048, None)
class 9: (0.35714285714285715, 0.5, 0.39047619047619048, None)
class 10: (0.35714285714285715, 0.5, 0.39047619047619048, None)
class 11: (0.35714285714285715, 0.5, 0.39047619047619048, None)
class 12: (0.35714285714285715, 0.5, 0.39047619047619048, None)
class 13: (0.35714285714285715, 0.5, 0.39047619047619048, None)
avg : (0.35714285714285715, 0.5, 0.39047619047619048, None)


./runs/300d_rand_probI/1473408415/checkpoints/3500
Test for prob: I
Total number of test examples: 32574
ACC	0.269202431387
MSE	17.682200528
Confusion matrix 
[[1048   36   28    2  140    0   27   90   10  180    5   15    8    9]
 [  12 1197   49  326  131  104   10   13   22   96  214    1   37   62]
 [ 109 2110   69  248  218  233   21  177    9  246  164   23  129  363]
 [  11  893   24  698  262   24   23   35    4   20   56   22   85  115]
 [ 240  149  216  153 1488    0  126  274   63  389   20    5   21   46]
 [  46  401    7   51   26   50    4   26   36   45   73   10   20   19]
 [   9  114  238   78  462    1  960   72    6  138    0    0   23    5]
 [  89 1306   52  254  257   99   29  289    5   61  129   56  236  237]
 [ 265  181  592  120 1343    9  307  784  211  812   15   22   99   95]
 [  45   63  295   33  448    1  173  144   34 1808    6    5   22   37]
 [  27   52  384  304  660    2  277  184  110  439  141    5   25   17]
 [  24   30  178   57  111    1  136  246   13  408    8   11   99   49]
 [   3  122    1   19   51    1    1    8    0    5   22    0  637   36]
 [   2    8    0    5   22    1    1    3    5    2    0    2   16  162]]
Normalized confusion matrix
[[  6.56e-01   2.25e-02   1.75e-02   1.25e-03   8.76e-02   0.00e+00
    1.69e-02   5.63e-02   6.26e-03   1.13e-01   3.13e-03   9.39e-03
    5.01e-03   5.63e-03]
 [  5.28e-03   5.26e-01   2.15e-02   1.43e-01   5.76e-02   4.57e-02
    4.40e-03   5.72e-03   9.67e-03   4.22e-02   9.41e-02   4.40e-04
    1.63e-02   2.73e-02]
 [  2.65e-02   5.12e-01   1.68e-02   6.02e-02   5.29e-02   5.66e-02
    5.10e-03   4.30e-02   2.18e-03   5.97e-02   3.98e-02   5.58e-03
    3.13e-02   8.81e-02]
 [  4.84e-03   3.93e-01   1.06e-02   3.07e-01   1.15e-01   1.06e-02
    1.01e-02   1.54e-02   1.76e-03   8.80e-03   2.46e-02   9.68e-03
    3.74e-02   5.06e-02]
 [  7.52e-02   4.67e-02   6.77e-02   4.80e-02   4.66e-01   0.00e+00
    3.95e-02   8.59e-02   1.97e-02   1.22e-01   6.27e-03   1.57e-03
    6.58e-03   1.44e-02]
 [  5.65e-02   4.93e-01   8.60e-03   6.27e-02   3.19e-02   6.14e-02
    4.91e-03   3.19e-02   4.42e-02   5.53e-02   8.97e-02   1.23e-02
    2.46e-02   2.33e-02]
 [  4.27e-03   5.41e-02   1.13e-01   3.70e-02   2.19e-01   4.75e-04
    4.56e-01   3.42e-02   2.85e-03   6.55e-02   0.00e+00   0.00e+00
    1.09e-02   2.37e-03]
 [  2.87e-02   4.21e-01   1.68e-02   8.20e-02   8.29e-02   3.19e-02
    9.36e-03   9.33e-02   1.61e-03   1.97e-02   4.16e-02   1.81e-02
    7.62e-02   7.65e-02]
 [  5.46e-02   3.73e-02   1.22e-01   2.47e-02   2.77e-01   1.85e-03
    6.32e-02   1.61e-01   4.35e-02   1.67e-01   3.09e-03   4.53e-03
    2.04e-02   1.96e-02]
 [  1.45e-02   2.02e-02   9.47e-02   1.06e-02   1.44e-01   3.21e-04
    5.56e-02   4.62e-02   1.09e-02   5.81e-01   1.93e-03   1.61e-03
    7.06e-03   1.19e-02]
 [  1.03e-02   1.98e-02   1.46e-01   1.16e-01   2.51e-01   7.61e-04
    1.05e-01   7.00e-02   4.19e-02   1.67e-01   5.37e-02   1.90e-03
    9.52e-03   6.47e-03]
 [  1.75e-02   2.19e-02   1.30e-01   4.16e-02   8.10e-02   7.29e-04
    9.92e-02   1.79e-01   9.48e-03   2.98e-01   5.84e-03   8.02e-03
    7.22e-02   3.57e-02]
 [  3.31e-03   1.35e-01   1.10e-03   2.10e-02   5.63e-02   1.10e-03
    1.10e-03   8.83e-03   0.00e+00   5.52e-03   2.43e-02   0.00e+00
    7.03e-01   3.97e-02]
 [  8.73e-03   3.49e-02   0.00e+00   2.18e-02   9.61e-02   4.37e-03
    4.37e-03   1.31e-02   2.18e-02   8.73e-03   0.00e+00   8.73e-03
    6.99e-02   7.07e-01]]
File:0
[ 240  149  216  153 1488    0  125  274   63  389   20    5   21   46]   pred: 4   true: 4
File:1
[ 11 893  24 698 262  24  22  35   4  20  56  22  85 115]   pred: 1   true: 3
File:2
[  9 114 238  78 461   1 960  72   6 138   0   0  23   5]   pred: 6   true: 6
File:3
[  45   63  295   33  448    1  172  144   34 1808    6    5   22   37]   pred: 9   true: 9
File:4
[ 265  181  592  120 1342    9  307  784  211  812   15   22   99   95]   pred: 4   true: 8
File:5
[ 27  52 384 303 660   2 277 184 110 439 141   5  25  17]   pred: 4   true: 10
File:6
[1047   36   28    2  140    0   27   90   10  180    5   15    8    9]   pred: 0   true: 0
File:7
[  89 1306   52  254  257   98   29  289    5   61  129   56  236  237]   pred: 1   true: 7
File:8
[ 46 400   7  51  26  50   4  26  36  45  73  10  20  19]   pred: 1   true: 5
File:9
[ 109 2110   69  248  217  233   21  177    9  246  164   23  129  363]   pred: 1   true: 2
File:10
[  12 1197   49  326  131  104   10   13   22   96  213    1   37   62]   pred: 1   true: 1
File:11
[  3 122   1  19  51   1   1   8   0   5  22   0 636  36]   pred: 12   true: 12
File:12
[  2   8   0   5  22   1   1   3   5   2   0   2  15 162]   pred: 13   true: 13
File:13
[ 24  30 178  57 111   1 136 245  13 408   8  11  99  49]   pred: 9   true: 11

Document ACC
Doc ACC: 7
Doc ACC: 0.5 (norm)
precision recall fscore support
class 0: (0.35952380952380952, 0.5, 0.39285714285714285, None)
class 1: (0.35952380952380952, 0.5, 0.39285714285714285, None)
class 2: (0.35952380952380952, 0.5, 0.39285714285714285, None)
class 3: (0.35952380952380952, 0.5, 0.39285714285714285, None)
class 4: (0.35952380952380952, 0.5, 0.39285714285714285, None)
class 5: (0.35952380952380952, 0.5, 0.39285714285714285, None)
class 6: (0.35952380952380952, 0.5, 0.39285714285714285, None)
class 7: (0.35952380952380952, 0.5, 0.39285714285714285, None)
class 8: (0.35952380952380952, 0.5, 0.39285714285714285, None)
class 9: (0.35952380952380952, 0.5, 0.39285714285714285, None)
class 10: (0.35952380952380952, 0.5, 0.39285714285714285, None)
class 11: (0.35952380952380952, 0.5, 0.39285714285714285, None)
class 12: (0.35952380952380952, 0.5, 0.39285714285714285, None)
class 13: (0.35952380952380952, 0.5, 0.39285714285714285, None)
avg : (0.35952380952380952, 0.5, 0.39285714285714285, None)


./runs/300d_rand_probI/1473408415/checkpoints/4000
Test for prob: I
Total number of test examples: 32574
ACC	0.25062933628
MSE	21.8397494935
Confusion matrix 
[[ 984    9   58    2  208    0    6   78   13  152   34   35    0   19]
 [   5  837  104  234  191   65    6   11   25   86  560   16   24  110]
 [  47 1519  180  189  329  205   11  153    7  174  613  130   45  517]
 [   1  674   80  547  389   51    8   19    3   17  191   81   50  161]
 [ 149   30  423   63 1814    0   48  187   73  268   51   20    8   56]
 [  28  210   16   44   50   35    3   19   41   30  250   28    4   56]
 [   7   68  508   52  501    0  758   60   12  121    7    1    5    6]
 [  46 1008  129  166  385  111    8  249    5   31  322  217  120  302]
 [ 125   50 1255   56 1745    5   77  497  258  487   54   76   17  153]
 [  37   35  601   25  555    0   50  113   49 1534   24   13   14   64]
 [   8   26  735  134  822    0   85  137  130  303  207    9    7   24]
 [  13   14  438   32  151    0   38  202   19  295   14   44   41   70]
 [   4   88   10   16   56    8    1    7    1    3   72   15  535   90]
 [   0    1    1    2   31    0    0    1    3    2    0    3    3  182]]
Normalized confusion matrix
[[  6.16e-01   5.63e-03   3.63e-02   1.25e-03   1.30e-01   0.00e+00
    3.75e-03   4.88e-02   8.14e-03   9.51e-02   2.13e-02   2.19e-02
    0.00e+00   1.19e-02]
 [  2.20e-03   3.68e-01   4.57e-02   1.03e-01   8.40e-02   2.86e-02
    2.64e-03   4.84e-03   1.10e-02   3.78e-02   2.46e-01   7.04e-03
    1.06e-02   4.84e-02]
 [  1.14e-02   3.69e-01   4.37e-02   4.59e-02   7.99e-02   4.98e-02
    2.67e-03   3.71e-02   1.70e-03   4.22e-02   1.49e-01   3.16e-02
    1.09e-02   1.26e-01]
 [  4.40e-04   2.97e-01   3.52e-02   2.41e-01   1.71e-01   2.24e-02
    3.52e-03   8.36e-03   1.32e-03   7.48e-03   8.41e-02   3.57e-02
    2.20e-02   7.09e-02]
 [  4.67e-02   9.40e-03   1.33e-01   1.97e-02   5.69e-01   0.00e+00
    1.50e-02   5.86e-02   2.29e-02   8.40e-02   1.60e-02   6.27e-03
    2.51e-03   1.76e-02]
 [  3.44e-02   2.58e-01   1.97e-02   5.41e-02   6.14e-02   4.30e-02
    3.69e-03   2.33e-02   5.04e-02   3.69e-02   3.07e-01   3.44e-02
    4.91e-03   6.88e-02]
 [  3.32e-03   3.23e-02   2.41e-01   2.47e-02   2.38e-01   0.00e+00
    3.60e-01   2.85e-02   5.70e-03   5.75e-02   3.32e-03   4.75e-04
    2.37e-03   2.85e-03]
 [  1.48e-02   3.25e-01   4.16e-02   5.36e-02   1.24e-01   3.58e-02
    2.58e-03   8.03e-02   1.61e-03   1.00e-02   1.04e-01   7.00e-02
    3.87e-02   9.75e-02]
 [  2.57e-02   1.03e-02   2.58e-01   1.15e-02   3.59e-01   1.03e-03
    1.59e-02   1.02e-01   5.31e-02   1.00e-01   1.11e-02   1.57e-02
    3.50e-03   3.15e-02]
 [  1.19e-02   1.12e-02   1.93e-01   8.03e-03   1.78e-01   0.00e+00
    1.61e-02   3.63e-02   1.57e-02   4.93e-01   7.71e-03   4.17e-03
    4.50e-03   2.06e-02]
 [  3.05e-03   9.90e-03   2.80e-01   5.10e-02   3.13e-01   0.00e+00
    3.24e-02   5.22e-02   4.95e-02   1.15e-01   7.88e-02   3.43e-03
    2.66e-03   9.14e-03]
 [  9.48e-03   1.02e-02   3.19e-01   2.33e-02   1.10e-01   0.00e+00
    2.77e-02   1.47e-01   1.39e-02   2.15e-01   1.02e-02   3.21e-02
    2.99e-02   5.11e-02]
 [  4.42e-03   9.71e-02   1.10e-02   1.77e-02   6.18e-02   8.83e-03
    1.10e-03   7.73e-03   1.10e-03   3.31e-03   7.95e-02   1.66e-02
    5.91e-01   9.93e-02]
 [  0.00e+00   4.37e-03   4.37e-03   8.73e-03   1.35e-01   0.00e+00
    0.00e+00   4.37e-03   1.31e-02   8.73e-03   0.00e+00   1.31e-02
    1.31e-02   7.95e-01]]
File:0
[ 149   30  422   63 1814    0   48  187   73  268   51   20    8   56]   pred: 4   true: 4
File:1
[  1 674  80 547 388  51   8  19   3  17 191  81  50 161]   pred: 1   true: 3
File:2
[  7  68 507  52 501   0 758  60  12 121   7   1   5   6]   pred: 6   true: 6
File:3
[  37   35  600   25  555    0   50  113   49 1534   24   13   14   64]   pred: 9   true: 9
File:4
[ 125   50 1255   56 1744    5   77  497  258  487   54   76   17  153]   pred: 4   true: 8
File:5
[  8  26 735 133 822   0  85 137 130 303 207   9   7  24]   pred: 4   true: 10
File:6
[983   9  58   2 208   0   6  78  13 152  34  35   0  19]   pred: 0   true: 0
File:7
[  46 1008  129  166  385  110    8  249    5   31  322  217  120  302]   pred: 1   true: 7
File:8
[ 28 210  16  44  50  35   3  19  41  30 249  28   4  56]   pred: 10   true: 5
File:9
[  47 1519  180  189  329  205   11  153    7  173  613  130   45  517]   pred: 1   true: 2
File:10
[  5 837 104 234 191  65   6  11  25  86 559  16  24 110]   pred: 1   true: 1
File:11
[  4  88  10  16  56   8   1   7   1   3  72  15 534  90]   pred: 12   true: 12
File:12
[  0   1   1   2  31   0   0   1   3   2   0   3   3 181]   pred: 13   true: 13
File:13
[ 13  14 438  32 151   0  38 201  19 295  14  44  41  70]   pred: 2   true: 11

Document ACC
Doc ACC: 7
Doc ACC: 0.5 (norm)
precision recall fscore support
class 0: (0.39880952380952378, 0.5, 0.42142857142857143, None)
class 1: (0.39880952380952378, 0.5, 0.42142857142857143, None)
class 2: (0.39880952380952378, 0.5, 0.42142857142857143, None)
class 3: (0.39880952380952378, 0.5, 0.42142857142857143, None)
class 4: (0.39880952380952378, 0.5, 0.42142857142857143, None)
class 5: (0.39880952380952378, 0.5, 0.42142857142857143, None)
class 6: (0.39880952380952378, 0.5, 0.42142857142857143, None)
class 7: (0.39880952380952378, 0.5, 0.42142857142857143, None)
class 8: (0.39880952380952378, 0.5, 0.42142857142857143, None)
class 9: (0.39880952380952378, 0.5, 0.42142857142857143, None)
class 10: (0.39880952380952378, 0.5, 0.42142857142857143, None)
class 11: (0.39880952380952378, 0.5, 0.42142857142857143, None)
class 12: (0.39880952380952378, 0.5, 0.42142857142857143, None)
class 13: (0.39880952380952378, 0.5, 0.42142857142857143, None)
avg : (0.39880952380952378, 0.5, 0.42142857142857143, None)


./runs/300d_rand_probI/1473408415/checkpoints/4500
Test for prob: I
Total number of test examples: 32574
ACC	0.255756124516
MSE	19.0911770123
Confusion matrix 
[[ 977   28   39    3  118    3   36  114    1  183   11   65    8   12]
 [   5 1045   61  324   94   75   26   16    9  110  350    9   45  105]
 [  33 1816  126  197  161  200   64  232    4  250  290  114  169  463]
 [   3  732   42  700  155   46   82   43    0   19  127   66  100  157]
 [ 161  119  270  146 1169    2  396  403   15  350   40   32   13   74]
 [  21  299   10   64   25   59   16   32   13   46  124   45   25   35]
 [   7   60  277   78  302    1 1141   96    1  122    0    2   13    6]
 [  39 1108   89  220  148   74   75  367    2   54  206  129  313  275]
 [ 142  140  649  144 1012   30  705 1005   71  645   27   92   53  140]
 [  35   63  335   31  406    8  270  201   26 1647   13   14   17   48]
 [  10   55  358  256  509    8  567  281    7  352  175   10   11   28]
 [  11   24  166   57   67    2  267  237    5  347   11   32   69   76]
 [   2   85    3   15   41    3    6   10    0    5   30   10  639   57]
 [   1    5    0    6    9    2    8    2    0    2    0    2    9  183]]
Normalized confusion matrix
[[  6.11e-01   1.75e-02   2.44e-02   1.88e-03   7.38e-02   1.88e-03
    2.25e-02   7.13e-02   6.26e-04   1.15e-01   6.88e-03   4.07e-02
    5.01e-03   7.51e-03]
 [  2.20e-03   4.60e-01   2.68e-02   1.42e-01   4.13e-02   3.30e-02
    1.14e-02   7.04e-03   3.96e-03   4.84e-02   1.54e-01   3.96e-03
    1.98e-02   4.62e-02]
 [  8.01e-03   4.41e-01   3.06e-02   4.78e-02   3.91e-02   4.86e-02
    1.55e-02   5.63e-02   9.71e-04   6.07e-02   7.04e-02   2.77e-02
    4.10e-02   1.12e-01]
 [  1.32e-03   3.22e-01   1.85e-02   3.08e-01   6.82e-02   2.02e-02
    3.61e-02   1.89e-02   0.00e+00   8.36e-03   5.59e-02   2.90e-02
    4.40e-02   6.91e-02]
 [  5.05e-02   3.73e-02   8.46e-02   4.58e-02   3.66e-01   6.27e-04
    1.24e-01   1.26e-01   4.70e-03   1.10e-01   1.25e-02   1.00e-02
    4.08e-03   2.32e-02]
 [  2.58e-02   3.67e-01   1.23e-02   7.86e-02   3.07e-02   7.25e-02
    1.97e-02   3.93e-02   1.60e-02   5.65e-02   1.52e-01   5.53e-02
    3.07e-02   4.30e-02]
 [  3.32e-03   2.85e-02   1.32e-01   3.70e-02   1.43e-01   4.75e-04
    5.42e-01   4.56e-02   4.75e-04   5.79e-02   0.00e+00   9.50e-04
    6.17e-03   2.85e-03]
 [  1.26e-02   3.58e-01   2.87e-02   7.10e-02   4.78e-02   2.39e-02
    2.42e-02   1.18e-01   6.45e-04   1.74e-02   6.65e-02   4.16e-02
    1.01e-01   8.87e-02]
 [  2.92e-02   2.88e-02   1.34e-01   2.97e-02   2.08e-01   6.18e-03
    1.45e-01   2.07e-01   1.46e-02   1.33e-01   5.56e-03   1.89e-02
    1.09e-02   2.88e-02]
 [  1.12e-02   2.02e-02   1.08e-01   9.96e-03   1.30e-01   2.57e-03
    8.67e-02   6.45e-02   8.35e-03   5.29e-01   4.17e-03   4.50e-03
    5.46e-03   1.54e-02]
 [  3.81e-03   2.09e-02   1.36e-01   9.74e-02   1.94e-01   3.05e-03
    2.16e-01   1.07e-01   2.66e-03   1.34e-01   6.66e-02   3.81e-03
    4.19e-03   1.07e-02]
 [  8.02e-03   1.75e-02   1.21e-01   4.16e-02   4.89e-02   1.46e-03
    1.95e-01   1.73e-01   3.65e-03   2.53e-01   8.02e-03   2.33e-02
    5.03e-02   5.54e-02]
 [  2.21e-03   9.38e-02   3.31e-03   1.66e-02   4.53e-02   3.31e-03
    6.62e-03   1.10e-02   0.00e+00   5.52e-03   3.31e-02   1.10e-02
    7.05e-01   6.29e-02]
 [  4.37e-03   2.18e-02   0.00e+00   2.62e-02   3.93e-02   8.73e-03
    3.49e-02   8.73e-03   0.00e+00   8.73e-03   0.00e+00   8.73e-03
    3.93e-02   7.99e-01]]
File:0
[ 161  119  270  146 1169    2  395  403   15  350   40   32   13   74]   pred: 4   true: 4
File:1
[  3 732  42 700 155  46  81  43   0  19 127  66 100 157]   pred: 1   true: 3
File:2
[   7   60  276   78  302    1 1141   96    1  122    0    2   13    6]   pred: 6   true: 6
File:3
[  35   63  335   31  406    8  270  201   26 1646   13   14   17   48]   pred: 9   true: 9
File:4
[ 142  140  649  144 1012   30  705 1004   71  645   27   92   53  140]   pred: 4   true: 8
File:5
[ 10  55 358 255 509   8 567 281   7 352 175  10  11  28]   pred: 6   true: 10
File:6
[976  28  39   3 118   3  36 114   1 183  11  65   8  12]   pred: 0   true: 0
File:7
[  39 1108   89  220  148   73   75  367    2   54  206  129  313  275]   pred: 1   true: 7
File:8
[ 21 298  10  64  25  59  16  32  13  46 124  45  25  35]   pred: 1   true: 5
File:9
[  33 1816  126  197  161  200   64  232    4  249  290  114  169  463]   pred: 1   true: 2
File:10
[   5 1045   61  324   94   75   26   16    9  110  350    9   45  104]   pred: 1   true: 1
File:11
[  2  85   3  15  41   3   6  10   0   5  30  10 638  57]   pred: 12   true: 12
File:12
[  1   5   0   6   9   2   8   2   0   2   0   2   8 183]   pred: 13   true: 13
File:13
[ 11  24 166  57  67   2 267 236   5 347  11  32  69  76]   pred: 9   true: 11

Document ACC
Doc ACC: 7
Doc ACC: 0.5 (norm)
precision recall fscore support
class 0: (0.33571428571428574, 0.5, 0.38095238095238099, None)
class 1: (0.33571428571428574, 0.5, 0.38095238095238099, None)
class 2: (0.33571428571428574, 0.5, 0.38095238095238099, None)
class 3: (0.33571428571428574, 0.5, 0.38095238095238099, None)
class 4: (0.33571428571428574, 0.5, 0.38095238095238099, None)
class 5: (0.33571428571428574, 0.5, 0.38095238095238099, None)
class 6: (0.33571428571428574, 0.5, 0.38095238095238099, None)
class 7: (0.33571428571428574, 0.5, 0.38095238095238099, None)
class 8: (0.33571428571428574, 0.5, 0.38095238095238099, None)
class 9: (0.33571428571428574, 0.5, 0.38095238095238099, None)
class 10: (0.33571428571428574, 0.5, 0.38095238095238099, None)
class 11: (0.33571428571428574, 0.5, 0.38095238095238099, None)
class 12: (0.33571428571428574, 0.5, 0.38095238095238099, None)
class 13: (0.33571428571428574, 0.5, 0.38095238095238099, None)
avg : (0.33571428571428574, 0.5, 0.38095238095238099, None)


