===== Filter Size: 100
===== L2 Norm: 0.3
===== Drop Out: 0.75


===== Filter Size: 100
===== L2 Norm: 0.3
===== Drop Out: 0.75


./runs/300d_glove_probI_ba/1473557066/checkpoints/2000
Test for prob: I
Total number of test examples: 32574
ACC	0.269785718671
MSE	20.1269110333
Confusion matrix 
[[1010    3    5   11   37    0   43   52   13  293   21   74   17   19]
 [   8  993   19  329   83   32   17   17   19  166  338   28   83  142]
 [  42 1740   11  208   67   41   29  131   18  490  249  197  256  640]
 [   2  754   15  747   81    6   27   15   15   44   61  110  201  194]
 [ 206   33   68  296  606    0  410  199  268  769   49   96   36  154]
 [  28  304    3   19    8   19    8   22   37   93  121   80   31   41]
 [  15   87  142  102  287    0 1121   41   57  193    5    9   39    8]
 [  89  874   20  237   60   10   50  199   23  118  158  352  456  453]
 [ 187   25  328  191  412    5  591  487  808 1316   47  172  115  171]
 [  29    7  113   50  121    3  404   70   69 2124   20   30   29   45]
 [  24   17  125  352  231    3  536  140  335  566  209   24   26   39]
 [   8   23   94   87   20    1  226  110   26  549   15   94   77   41]
 [   4   57    2    9   38    0    0    7    0   12   25   37  672   43]
 [   0    5    0   23    8    0    1    2    1    2    0    7    5  175]]
Normalized confusion matrix
[[  6.32e-01   1.88e-03   3.13e-03   6.88e-03   2.32e-02   0.00e+00
    2.69e-02   3.25e-02   8.14e-03   1.83e-01   1.31e-02   4.63e-02
    1.06e-02   1.19e-02]
 [  3.52e-03   4.37e-01   8.36e-03   1.45e-01   3.65e-02   1.41e-02
    7.48e-03   7.48e-03   8.36e-03   7.30e-02   1.49e-01   1.23e-02
    3.65e-02   6.24e-02]
 [  1.02e-02   4.22e-01   2.67e-03   5.05e-02   1.63e-02   9.95e-03
    7.04e-03   3.18e-02   4.37e-03   1.19e-01   6.05e-02   4.78e-02
    6.22e-02   1.55e-01]
 [  8.80e-04   3.32e-01   6.60e-03   3.29e-01   3.57e-02   2.64e-03
    1.19e-02   6.60e-03   6.60e-03   1.94e-02   2.68e-02   4.84e-02
    8.85e-02   8.54e-02]
 [  6.46e-02   1.03e-02   2.13e-02   9.28e-02   1.90e-01   0.00e+00
    1.29e-01   6.24e-02   8.40e-02   2.41e-01   1.54e-02   3.01e-02
    1.13e-02   4.83e-02]
 [  3.44e-02   3.73e-01   3.69e-03   2.33e-02   9.83e-03   2.33e-02
    9.83e-03   2.70e-02   4.55e-02   1.14e-01   1.49e-01   9.83e-02
    3.81e-02   5.04e-02]
 [  7.12e-03   4.13e-02   6.74e-02   4.84e-02   1.36e-01   0.00e+00
    5.32e-01   1.95e-02   2.71e-02   9.16e-02   2.37e-03   4.27e-03
    1.85e-02   3.80e-03]
 [  2.87e-02   2.82e-01   6.45e-03   7.65e-02   1.94e-02   3.23e-03
    1.61e-02   6.42e-02   7.42e-03   3.81e-02   5.10e-02   1.14e-01
    1.47e-01   1.46e-01]
 [  3.85e-02   5.15e-03   6.76e-02   3.93e-02   8.49e-02   1.03e-03
    1.22e-01   1.00e-01   1.66e-01   2.71e-01   9.68e-03   3.54e-02
    2.37e-02   3.52e-02]
 [  9.31e-03   2.25e-03   3.63e-02   1.61e-02   3.89e-02   9.63e-04
    1.30e-01   2.25e-02   2.22e-02   6.82e-01   6.42e-03   9.63e-03
    9.31e-03   1.45e-02]
 [  9.14e-03   6.47e-03   4.76e-02   1.34e-01   8.79e-02   1.14e-03
    2.04e-01   5.33e-02   1.28e-01   2.15e-01   7.96e-02   9.14e-03
    9.90e-03   1.48e-02]
 [  5.84e-03   1.68e-02   6.86e-02   6.35e-02   1.46e-02   7.29e-04
    1.65e-01   8.02e-02   1.90e-02   4.00e-01   1.09e-02   6.86e-02
    5.62e-02   2.99e-02]
 [  4.42e-03   6.29e-02   2.21e-03   9.93e-03   4.19e-02   0.00e+00
    0.00e+00   7.73e-03   0.00e+00   1.32e-02   2.76e-02   4.08e-02
    7.42e-01   4.75e-02]
 [  0.00e+00   2.18e-02   0.00e+00   1.00e-01   3.49e-02   0.00e+00
    4.37e-03   8.73e-03   4.37e-03   8.73e-03   0.00e+00   3.06e-02
    2.18e-02   7.64e-01]]
File:0
[206  33  68 296 606   0 410 199 268 768  49  96  36 154]   pred: 9   true: 4
File:1
[  2 754  15 747  81   6  27  15  15  43  61 110 201 194]   pred: 1   true: 3
File:2
[  15   87  142  101  287    0 1121   41   57  193    5    9   39    8]   pred: 6   true: 6
File:3
[  29    7  113   50  121    3  404   70   69 2123   20   30   29   45]   pred: 9   true: 9
File:4
[ 187   25  328  191  412    5  590  487  808 1316   47  172  115  171]   pred: 9   true: 8
File:5
[ 24  17 125 351 231   3 536 140 335 566 209  24  26  39]   pred: 9   true: 10
File:6
[1009    3    5   11   37    0   43   52   13  293   21   74   17   19]   pred: 0   true: 0
File:7
[ 89 873  20 237  60  10  50 199  23 118 158 352 456 453]   pred: 1   true: 7
File:8
[ 28 303   3  19   8  19   8  22  37  93 121  80  31  41]   pred: 1   true: 5
File:9
[  42 1740   11  208   67   41   29  131   18  489  249  197  256  640]   pred: 1   true: 2
File:10
[  8 992  19 329  83  32  17  17  19 166 338  28  83 142]   pred: 1   true: 1
File:11
[  4  57   2   9  38   0   0   7   0  12  25  37 671  43]   pred: 12   true: 12
File:12
[  0   5   0  23   8   0   1   2   1   2   0   7   4 175]   pred: 13   true: 13
File:13
[  8  23  94  87  20   1 226 110  26 548  15  94  77  41]   pred: 9   true: 11

Document ACC
Doc ACC: 6
Doc ACC: 0.428571428571 (norm)
precision recall fscore support
class 0: (0.31428571428571433, 0.42857142857142855, 0.33333333333333337, None)
class 1: (0.31428571428571433, 0.42857142857142855, 0.33333333333333337, None)
class 2: (0.31428571428571433, 0.42857142857142855, 0.33333333333333337, None)
class 3: (0.31428571428571433, 0.42857142857142855, 0.33333333333333337, None)
class 4: (0.31428571428571433, 0.42857142857142855, 0.33333333333333337, None)
class 5: (0.31428571428571433, 0.42857142857142855, 0.33333333333333337, None)
class 6: (0.31428571428571433, 0.42857142857142855, 0.33333333333333337, None)
class 7: (0.31428571428571433, 0.42857142857142855, 0.33333333333333337, None)
class 8: (0.31428571428571433, 0.42857142857142855, 0.33333333333333337, None)
class 9: (0.31428571428571433, 0.42857142857142855, 0.33333333333333337, None)
class 10: (0.31428571428571433, 0.42857142857142855, 0.33333333333333337, None)
class 11: (0.31428571428571433, 0.42857142857142855, 0.33333333333333337, None)
class 12: (0.31428571428571433, 0.42857142857142855, 0.33333333333333337, None)
class 13: (0.31428571428571433, 0.42857142857142855, 0.33333333333333337, None)
avg : (0.31428571428571433, 0.42857142857142855, 0.33333333333333337, None)


./runs/300d_glove_probI_ba/1473557066/checkpoints/2250
Test for prob: I
Total number of test examples: 32574
ACC	0.247405906551
MSE	25.6313010376
Confusion matrix 
[[1003    1   13    5   52    0    9   76   13  294   21   69   19   23]
 [   9  206   23  260  137  279    2   29   22  167  722   22  183  213]
 [  47  215   21  112  144  546   13  159   22  424  763  153  639  861]
 [   5   94   19  457  253  226   14   31   15   36  258   81  503  280]
 [ 241   11  119  166  968    7   96  275  264  679   65   78   59  162]
 [  27   48    3   16   13  102    4   36   50   85  217   61   81   71]
 [  17   59  279   63  409    1  702   77  112  307    6    7   55   12]
 [  82   92   34   97  136  258   30  255   29   94  345  268  873  506]
 [ 190    6  539   94  677   36  122  675  860 1165   59  128  134  170]
 [  31    1  179   41  170    7   82  135   95 2233   24   24   32   60]
 [  21    1  234  251  401    7   93  197  405  655  250   22   42   48]
 [   7    6  150   58   33    5   53  191   42  562   20   75  122   47]
 [   3    5    1    3    1   10    0    5    0   48   34   15  750   31]
 [   0    0    0    4   24    2    1    3    2    2    0    2   12  177]]
Normalized confusion matrix
[[  6.28e-01   6.26e-04   8.14e-03   3.13e-03   3.25e-02   0.00e+00
    5.63e-03   4.76e-02   8.14e-03   1.84e-01   1.31e-02   4.32e-02
    1.19e-02   1.44e-02]
 [  3.96e-03   9.06e-02   1.01e-02   1.14e-01   6.02e-02   1.23e-01
    8.80e-04   1.28e-02   9.67e-03   7.34e-02   3.18e-01   9.67e-03
    8.05e-02   9.37e-02]
 [  1.14e-02   5.22e-02   5.10e-03   2.72e-02   3.50e-02   1.33e-01
    3.16e-03   3.86e-02   5.34e-03   1.03e-01   1.85e-01   3.71e-02
    1.55e-01   2.09e-01]
 [  2.20e-03   4.14e-02   8.36e-03   2.01e-01   1.11e-01   9.95e-02
    6.16e-03   1.36e-02   6.60e-03   1.58e-02   1.14e-01   3.57e-02
    2.21e-01   1.23e-01]
 [  7.55e-02   3.45e-03   3.73e-02   5.20e-02   3.03e-01   2.19e-03
    3.01e-02   8.62e-02   8.28e-02   2.13e-01   2.04e-02   2.45e-02
    1.85e-02   5.08e-02]
 [  3.32e-02   5.90e-02   3.69e-03   1.97e-02   1.60e-02   1.25e-01
    4.91e-03   4.42e-02   6.14e-02   1.04e-01   2.67e-01   7.49e-02
    9.95e-02   8.72e-02]
 [  8.07e-03   2.80e-02   1.32e-01   2.99e-02   1.94e-01   4.75e-04
    3.33e-01   3.66e-02   5.32e-02   1.46e-01   2.85e-03   3.32e-03
    2.61e-02   5.70e-03]
 [  2.65e-02   2.97e-02   1.10e-02   3.13e-02   4.39e-02   8.33e-02
    9.68e-03   8.23e-02   9.36e-03   3.03e-02   1.11e-01   8.65e-02
    2.82e-01   1.63e-01]
 [  3.91e-02   1.24e-03   1.11e-01   1.94e-02   1.39e-01   7.42e-03
    2.51e-02   1.39e-01   1.77e-01   2.40e-01   1.22e-02   2.64e-02
    2.76e-02   3.50e-02]
 [  9.96e-03   3.21e-04   5.75e-02   1.32e-02   5.46e-02   2.25e-03
    2.63e-02   4.34e-02   3.05e-02   7.17e-01   7.71e-03   7.71e-03
    1.03e-02   1.93e-02]
 [  7.99e-03   3.81e-04   8.91e-02   9.55e-02   1.53e-01   2.66e-03
    3.54e-02   7.50e-02   1.54e-01   2.49e-01   9.52e-02   8.37e-03
    1.60e-02   1.83e-02]
 [  5.11e-03   4.38e-03   1.09e-01   4.23e-02   2.41e-02   3.65e-03
    3.87e-02   1.39e-01   3.06e-02   4.10e-01   1.46e-02   5.47e-02
    8.90e-02   3.43e-02]
 [  3.31e-03   5.52e-03   1.10e-03   3.31e-03   1.10e-03   1.10e-02
    0.00e+00   5.52e-03   0.00e+00   5.30e-02   3.75e-02   1.66e-02
    8.28e-01   3.42e-02]
 [  0.00e+00   0.00e+00   0.00e+00   1.75e-02   1.05e-01   8.73e-03
    4.37e-03   1.31e-02   8.73e-03   8.73e-03   0.00e+00   8.73e-03
    5.24e-02   7.73e-01]]
File:0
[241  11 119 166 968   7  96 275 264 678  65  78  59 162]   pred: 4   true: 4
File:1
[  5  94  19 457 253 226  14  31  15  35 258  81 503 280]   pred: 12   true: 3
File:2
[ 17  59 279  63 408   1 702  77 112 307   6   7  55  12]   pred: 6   true: 6
File:3
[  31    1  179   41  170    7   82  135   95 2232   24   24   32   60]   pred: 9   true: 9
File:4
[ 190    6  539   94  677   36  122  675  859 1165   59  128  134  170]   pred: 9   true: 8
File:5
[ 21   1 234 250 401   7  93 197 405 655 250  22  42  48]   pred: 9   true: 10
File:6
[1002    1   13    5   52    0    9   76   13  294   21   69   19   23]   pred: 0   true: 0
File:7
[ 82  92  34  97 136 258  30 255  29  94 345 268 873 505]   pred: 12   true: 7
File:8
[ 27  48   3  16  13 102   4  36  50  85 217  61  80  71]   pred: 10   true: 5
File:9
[ 47 215  21 112 144 546  13 159  22 423 763 153 639 861]   pred: 13   true: 2
File:10
[  9 206  23 260 137 279   2  29  22 167 721  22 183 213]   pred: 10   true: 1
File:11
[  3   5   1   3   1  10   0   5   0  48  34  15 749  31]   pred: 12   true: 12
File:12
[  0   0   0   4  24   2   1   3   2   2   0   2  11 177]   pred: 13   true: 13
File:13
[  7   6 150  58  33   5  53 190  42 562  20  75 122  47]   pred: 9   true: 11

Document ACC
Doc ACC: 6
Doc ACC: 0.428571428571 (norm)
precision recall fscore support
class 0: (0.29166666666666669, 0.42857142857142855, 0.3261904761904762, None)
class 1: (0.29166666666666669, 0.42857142857142855, 0.3261904761904762, None)
class 2: (0.29166666666666669, 0.42857142857142855, 0.3261904761904762, None)
class 3: (0.29166666666666669, 0.42857142857142855, 0.3261904761904762, None)
class 4: (0.29166666666666669, 0.42857142857142855, 0.3261904761904762, None)
class 5: (0.29166666666666669, 0.42857142857142855, 0.3261904761904762, None)
class 6: (0.29166666666666669, 0.42857142857142855, 0.3261904761904762, None)
class 7: (0.29166666666666669, 0.42857142857142855, 0.3261904761904762, None)
class 8: (0.29166666666666669, 0.42857142857142855, 0.3261904761904762, None)
class 9: (0.29166666666666669, 0.42857142857142855, 0.3261904761904762, None)
class 10: (0.29166666666666669, 0.42857142857142855, 0.3261904761904762, None)
class 11: (0.29166666666666669, 0.42857142857142855, 0.3261904761904762, None)
class 12: (0.29166666666666669, 0.42857142857142855, 0.3261904761904762, None)
class 13: (0.29166666666666669, 0.42857142857142855, 0.3261904761904762, None)
avg : (0.29166666666666669, 0.42857142857142855, 0.3261904761904762, None)


./runs/300d_glove_probI_ba/1473557066/checkpoints/2500
Test for prob: I
Total number of test examples: 32574
ACC	0.25916375023
MSE	17.2885430098
Confusion matrix 
[[1191    4    3    3   27    2   89   28    6  182    8   42    4    9]
 [  38 1215   15  187   63   48   54   17   15  160  326   19   76   41]
 [ 265 2226    3  102   82   84   94  131   10  353  202  121  217  229]
 [  30  968    2  450  132   21  150   16   15   46   58   81  194  109]
 [ 457   39   35  146  599    9  859  143  133  555   51   70   20   74]
 [  90  403    2    8    3   29   19   23   35   55   73   39   23   12]
 [  31   84   73   45  257    1 1410   16   13  144    3    8   19    2]
 [ 182 1185    8   78   99   26  198  198   14  106  166  273  412  154]
 [ 626   62  132   85  374   37 1708  286  315  975   44  103   44   64]
 [ 143    9   42   30  116    6  730   45   37 1869   25   21   17   24]
 [  83   22   79  225  246    5 1019   76  105  467  232   22   17   29]
 [  30   26   27   38   19    3  588   39    3  424   16   74   63   21]
 [  14   80    0    3    0    1    3    4    0   47   15   28  698   13]
 [   2   17    0    7   11    0    9    4    3    2    0    5   10  159]]
Normalized confusion matrix
[[  7.45e-01   2.50e-03   1.88e-03   1.88e-03   1.69e-02   1.25e-03
    5.57e-02   1.75e-02   3.75e-03   1.14e-01   5.01e-03   2.63e-02
    2.50e-03   5.63e-03]
 [  1.67e-02   5.34e-01   6.60e-03   8.22e-02   2.77e-02   2.11e-02
    2.37e-02   7.48e-03   6.60e-03   7.04e-02   1.43e-01   8.36e-03
    3.34e-02   1.80e-02]
 [  6.43e-02   5.40e-01   7.28e-04   2.48e-02   1.99e-02   2.04e-02
    2.28e-02   3.18e-02   2.43e-03   8.57e-02   4.90e-02   2.94e-02
    5.27e-02   5.56e-02]
 [  1.32e-02   4.26e-01   8.80e-04   1.98e-01   5.81e-02   9.24e-03
    6.60e-02   7.04e-03   6.60e-03   2.02e-02   2.55e-02   3.57e-02
    8.54e-02   4.80e-02]
 [  1.43e-01   1.22e-02   1.10e-02   4.58e-02   1.88e-01   2.82e-03
    2.69e-01   4.48e-02   4.17e-02   1.74e-01   1.60e-02   2.19e-02
    6.27e-03   2.32e-02]
 [  1.11e-01   4.95e-01   2.46e-03   9.83e-03   3.69e-03   3.56e-02
    2.33e-02   2.83e-02   4.30e-02   6.76e-02   8.97e-02   4.79e-02
    2.83e-02   1.47e-02]
 [  1.47e-02   3.99e-02   3.47e-02   2.14e-02   1.22e-01   4.75e-04
    6.70e-01   7.60e-03   6.17e-03   6.84e-02   1.42e-03   3.80e-03
    9.02e-03   9.50e-04]
 [  5.87e-02   3.82e-01   2.58e-03   2.52e-02   3.19e-02   8.39e-03
    6.39e-02   6.39e-02   4.52e-03   3.42e-02   5.36e-02   8.81e-02
    1.33e-01   4.97e-02]
 [  1.29e-01   1.28e-02   2.72e-02   1.75e-02   7.70e-02   7.62e-03
    3.52e-01   5.89e-02   6.49e-02   2.01e-01   9.06e-03   2.12e-02
    9.06e-03   1.32e-02]
 [  4.59e-02   2.89e-03   1.35e-02   9.63e-03   3.73e-02   1.93e-03
    2.34e-01   1.45e-02   1.19e-02   6.00e-01   8.03e-03   6.74e-03
    5.46e-03   7.71e-03]
 [  3.16e-02   8.37e-03   3.01e-02   8.56e-02   9.36e-02   1.90e-03
    3.88e-01   2.89e-02   4.00e-02   1.78e-01   8.83e-02   8.37e-03
    6.47e-03   1.10e-02]
 [  2.19e-02   1.90e-02   1.97e-02   2.77e-02   1.39e-02   2.19e-03
    4.29e-01   2.84e-02   2.19e-03   3.09e-01   1.17e-02   5.40e-02
    4.60e-02   1.53e-02]
 [  1.55e-02   8.83e-02   0.00e+00   3.31e-03   0.00e+00   1.10e-03
    3.31e-03   4.42e-03   0.00e+00   5.19e-02   1.66e-02   3.09e-02
    7.70e-01   1.43e-02]
 [  8.73e-03   7.42e-02   0.00e+00   3.06e-02   4.80e-02   0.00e+00
    3.93e-02   1.75e-02   1.31e-02   8.73e-03   0.00e+00   2.18e-02
    4.37e-02   6.94e-01]]
File:0
[457  39  35 146 599   9 858 143 133 555  51  70  20  74]   pred: 6   true: 4
File:1
[ 30 968   2 450 132  21 150  16  15  45  58  81 194 109]   pred: 1   true: 3
File:2
[  31   84   73   45  256    1 1410   16   13  144    3    8   19    2]   pred: 6   true: 6
File:3
[ 143    9   42   30  116    6  729   45   37 1869   25   21   17   24]   pred: 9   true: 9
File:4
[ 626   62  132   85  374   37 1707  286  315  975   44  103   44   64]   pred: 6   true: 8
File:5
[  83   22   79  225  246    5 1018   76  105  467  232   22   17   29]   pred: 6   true: 10
File:6
[1190    4    3    3   27    2   89   28    6  182    8   42    4    9]   pred: 0   true: 0
File:7
[ 182 1184    8   78   99   26  198  198   14  106  166  273  412  154]   pred: 1   true: 7
File:8
[ 90 402   2   8   3  29  19  23  35  55  73  39  23  12]   pred: 1   true: 5
File:9
[ 265 2226    3  102   82   84   94  131   10  352  202  121  217  229]   pred: 1   true: 2
File:10
[  38 1214   15  187   63   48   54   17   15  160  326   19   76   41]   pred: 1   true: 1
File:11
[ 14  80   0   3   0   1   3   4   0  47  15  28 697  13]   pred: 12   true: 12
File:12
[  2  17   0   7  11   0   9   4   3   2   0   5   9 159]   pred: 13   true: 13
File:13
[ 30  26  27  38  19   3 587  39   3 424  16  74  63  21]   pred: 6   true: 11

Document ACC
Doc ACC: 6
Doc ACC: 0.428571428571 (norm)
precision recall fscore support
class 0: (0.31428571428571433, 0.42857142857142855, 0.33333333333333337, None)
class 1: (0.31428571428571433, 0.42857142857142855, 0.33333333333333337, None)
class 2: (0.31428571428571433, 0.42857142857142855, 0.33333333333333337, None)
class 3: (0.31428571428571433, 0.42857142857142855, 0.33333333333333337, None)
class 4: (0.31428571428571433, 0.42857142857142855, 0.33333333333333337, None)
class 5: (0.31428571428571433, 0.42857142857142855, 0.33333333333333337, None)
class 6: (0.31428571428571433, 0.42857142857142855, 0.33333333333333337, None)
class 7: (0.31428571428571433, 0.42857142857142855, 0.33333333333333337, None)
class 8: (0.31428571428571433, 0.42857142857142855, 0.33333333333333337, None)
class 9: (0.31428571428571433, 0.42857142857142855, 0.33333333333333337, None)
class 10: (0.31428571428571433, 0.42857142857142855, 0.33333333333333337, None)
class 11: (0.31428571428571433, 0.42857142857142855, 0.33333333333333337, None)
class 12: (0.31428571428571433, 0.42857142857142855, 0.33333333333333337, None)
class 13: (0.31428571428571433, 0.42857142857142855, 0.33333333333333337, None)
avg : (0.31428571428571433, 0.42857142857142855, 0.33333333333333337, None)


./runs/300d_glove_probI_ba/1473557066/checkpoints/2750
Test for prob: I
Total number of test examples: 32574
ACC	0.279578805182
MSE	21.3563578314
Confusion matrix 
[[1110    3    4    4   61    0   25   42   22  248    8   41   16   14]
 [  15  739   17  155  129   96    7   18   44  147  691   22   52  142]
 [ 129 1052    4   73  203  201   26  108   44  377  863  132  306  601]
 [   4  600    6  313  318   52   24   21   48   35  323   69  200  259]
 [ 285   49   46  104 1059   10  188  184  479  516   55   55   52  108]
 [  65  186    3    9   26   49    5   17   52   66  191   58   38   49]
 [  24  103   58   41  512    0  914   49  128  212    4    4   53    4]
 [  93  525   16   55  213   89   45  224   51   91  550  260  455  432]
 [ 279   53  156   53  848   40  287  361 1476  933   39   93  127  110]
 [  68   12   92   30  229    7  179   91  179 2081   28   23   37   58]
 [  34   21   95  179  528   11  263  131  543  513  219   15   44   31]
 [  17   36   71   30   75    5  146  136  119  497   17   64  123   35]
 [   7   26    0    3   43    4    1    4    0    8   55   33  680   42]
 [   0    6    0    2   21    0    1    3    7    2    0    3    9  175]]
Normalized confusion matrix
[[ 0.69  0.    0.    0.    0.04  0.    0.02  0.03  0.01  0.16  0.01  0.03
   0.01  0.01]
 [ 0.01  0.32  0.01  0.07  0.06  0.04  0.    0.01  0.02  0.06  0.3   0.01
   0.02  0.06]
 [ 0.03  0.26  0.    0.02  0.05  0.05  0.01  0.03  0.01  0.09  0.21  0.03
   0.07  0.15]
 [ 0.    0.26  0.    0.14  0.14  0.02  0.01  0.01  0.02  0.02  0.14  0.03
   0.09  0.11]
 [ 0.09  0.02  0.01  0.03  0.33  0.    0.06  0.06  0.15  0.16  0.02  0.02
   0.02  0.03]
 [ 0.08  0.23  0.    0.01  0.03  0.06  0.01  0.02  0.06  0.08  0.23  0.07
   0.05  0.06]
 [ 0.01  0.05  0.03  0.02  0.24  0.    0.43  0.02  0.06  0.1   0.    0.
   0.03  0.  ]
 [ 0.03  0.17  0.01  0.02  0.07  0.03  0.01  0.07  0.02  0.03  0.18  0.08
   0.15  0.14]
 [ 0.06  0.01  0.03  0.01  0.17  0.01  0.06  0.07  0.3   0.19  0.01  0.02
   0.03  0.02]
 [ 0.02  0.    0.03  0.01  0.07  0.    0.06  0.03  0.06  0.67  0.01  0.01
   0.01  0.02]
 [ 0.01  0.01  0.04  0.07  0.2   0.    0.1   0.05  0.21  0.2   0.08  0.01
   0.02  0.01]
 [ 0.01  0.03  0.05  0.02  0.05  0.    0.11  0.1   0.09  0.36  0.01  0.05
   0.09  0.03]
 [ 0.01  0.03  0.    0.    0.05  0.    0.    0.    0.    0.01  0.06  0.04
   0.75  0.05]
 [ 0.    0.03  0.    0.01  0.09  0.    0.    0.01  0.03  0.01  0.    0.01
   0.04  0.76]]
File:0
[ 285   49   46  104 1059   10  188  184  479  516   55   55   52  107]   pred: 4   true: 4
File:1
[  4 600   6 313 318  52  24  21  48  34 323  69 200 259]   pred: 1   true: 3
File:2
[ 24 103  58  41 511   0 914  49 128 212   4   4  53   4]   pred: 6   true: 6
File:3
[  68   12   92   30  229    7  179   91  179 2080   28   23   37   58]   pred: 9   true: 9
File:4
[ 279   53  156   53  848   40  286  361 1476  933   39   93  127  110]   pred: 8   true: 8
File:5
[ 34  21  95 178 528  11 263 131 543 513 219  15  44  31]   pred: 8   true: 10
File:6
[1109    3    4    4   61    0   25   42   22  248    8   41   16   14]   pred: 0   true: 0
File:7
[ 93 524  16  55 213  89  45 224  51  91 550 260 455 432]   pred: 10   true: 7
File:8
[ 65 185   3   9  26  49   5  17  52  66 191  58  38  49]   pred: 10   true: 5
File:9
[ 129 1052    4   73  203  201   26  108   44  376  863  132  306  601]   pred: 1   true: 2
File:10
[ 15 739  17 155 129  96   7  18  44 147 690  22  52 142]   pred: 1   true: 1
File:11
[  7  26   0   3  43   4   1   4   0   8  55  33 679  42]   pred: 12   true: 12
File:12
[  0   6   0   2  21   0   1   3   7   2   0   3   8 175]   pred: 13   true: 13
File:13
[ 17  36  71  30  75   5 146 136 119 496  17  64 123  35]   pred: 9   true: 11

Document ACC
Doc ACC: 8
Doc ACC: 0.571428571429 (norm)
precision recall fscore support
class 0: (0.45238095238095238, 0.5714285714285714, 0.48809523809523814, None)
class 1: (0.45238095238095238, 0.5714285714285714, 0.48809523809523814, None)
class 2: (0.45238095238095238, 0.5714285714285714, 0.48809523809523814, None)
class 3: (0.45238095238095238, 0.5714285714285714, 0.48809523809523814, None)
class 4: (0.45238095238095238, 0.5714285714285714, 0.48809523809523814, None)
class 5: (0.45238095238095238, 0.5714285714285714, 0.48809523809523814, None)
class 6: (0.45238095238095238, 0.5714285714285714, 0.48809523809523814, None)
class 7: (0.45238095238095238, 0.5714285714285714, 0.48809523809523814, None)
class 8: (0.45238095238095238, 0.5714285714285714, 0.48809523809523814, None)
class 9: (0.45238095238095238, 0.5714285714285714, 0.48809523809523814, None)
class 10: (0.45238095238095238, 0.5714285714285714, 0.48809523809523814, None)
class 11: (0.45238095238095238, 0.5714285714285714, 0.48809523809523814, None)
class 12: (0.45238095238095238, 0.5714285714285714, 0.48809523809523814, None)
class 13: (0.45238095238095238, 0.5714285714285714, 0.48809523809523814, None)
avg : (0.45238095238095238, 0.5714285714285714, 0.48809523809523814, None)


./runs/300d_glove_probI_ba/1473557066/checkpoints/3000
Test for prob: I
Total number of test examples: 32574
ACC	0.256891999754
MSE	20.3209308037
Confusion matrix 
[[1194    4   13    5   35   15   84   37   17  117    4   44    5   24]
 [  21  548   46  526   76  365   18   10   30  101  325   23   90   95]
 [ 200 1060   44  333   69  805   76   91   29  189  234  161  376  452]
 [   8  336   23  982   61  298   52    8   36   12   67   77  163  149]
 [ 421   11  167  403  571   86  474  105  361  290   46   64   22  169]
 [  78  152    7   49    7  196   14   11   56   27   94   54   38   31]
 [  37   41  273  123  205   15 1230   24   69   51    3    8   22    5]
 [ 120  482   64  319  105  443   98  150   37   46  195  329  413  298]
 [ 525   16  621  254  299  282  882  221  990  430   25   97   34  179]
 [ 142    1  294   72  181   66  633   64  145 1359   24   26   22   85]
 [  80    4  318  502  203   41  567   54  346  256  177   17   15   47]
 [  37    8  162   98   21   19  395   67   51  314   11   75   60   53]
 [  14   33    1   18   39   23    5    4    1    3   17   30  685   33]
 [   0    2    1    7    4   27    1    2    8    2    0    4    4  167]]
Normalized confusion matrix
[[  7.47e-01   2.50e-03   8.14e-03   3.13e-03   2.19e-02   9.39e-03
    5.26e-02   2.32e-02   1.06e-02   7.32e-02   2.50e-03   2.75e-02
    3.13e-03   1.50e-02]
 [  9.23e-03   2.41e-01   2.02e-02   2.31e-01   3.34e-02   1.61e-01
    7.92e-03   4.40e-03   1.32e-02   4.44e-02   1.43e-01   1.01e-02
    3.96e-02   4.18e-02]
 [  4.86e-02   2.57e-01   1.07e-02   8.08e-02   1.68e-02   1.95e-01
    1.85e-02   2.21e-02   7.04e-03   4.59e-02   5.68e-02   3.91e-02
    9.13e-02   1.10e-01]
 [  3.52e-03   1.48e-01   1.01e-02   4.32e-01   2.68e-02   1.31e-01
    2.29e-02   3.52e-03   1.58e-02   5.28e-03   2.95e-02   3.39e-02
    7.17e-02   6.56e-02]
 [  1.32e-01   3.45e-03   5.24e-02   1.26e-01   1.79e-01   2.70e-02
    1.49e-01   3.29e-02   1.13e-01   9.09e-02   1.44e-02   2.01e-02
    6.90e-03   5.30e-02]
 [  9.58e-02   1.87e-01   8.60e-03   6.02e-02   8.60e-03   2.41e-01
    1.72e-02   1.35e-02   6.88e-02   3.32e-02   1.15e-01   6.63e-02
    4.67e-02   3.81e-02]
 [  1.76e-02   1.95e-02   1.30e-01   5.84e-02   9.73e-02   7.12e-03
    5.84e-01   1.14e-02   3.28e-02   2.42e-02   1.42e-03   3.80e-03
    1.04e-02   2.37e-03]
 [  3.87e-02   1.56e-01   2.07e-02   1.03e-01   3.39e-02   1.43e-01
    3.16e-02   4.84e-02   1.19e-02   1.48e-02   6.29e-02   1.06e-01
    1.33e-01   9.62e-02]
 [  1.08e-01   3.30e-03   1.28e-01   5.23e-02   6.16e-02   5.81e-02
    1.82e-01   4.55e-02   2.04e-01   8.86e-02   5.15e-03   2.00e-02
    7.00e-03   3.69e-02]
 [  4.56e-02   3.21e-04   9.44e-02   2.31e-02   5.81e-02   2.12e-02
    2.03e-01   2.06e-02   4.66e-02   4.36e-01   7.71e-03   8.35e-03
    7.06e-03   2.73e-02]
 [  3.05e-02   1.52e-03   1.21e-01   1.91e-01   7.73e-02   1.56e-02
    2.16e-01   2.06e-02   1.32e-01   9.74e-02   6.74e-02   6.47e-03
    5.71e-03   1.79e-02]
 [  2.70e-02   5.84e-03   1.18e-01   7.15e-02   1.53e-02   1.39e-02
    2.88e-01   4.89e-02   3.72e-02   2.29e-01   8.02e-03   5.47e-02
    4.38e-02   3.87e-02]
 [  1.55e-02   3.64e-02   1.10e-03   1.99e-02   4.30e-02   2.54e-02
    5.52e-03   4.42e-03   1.10e-03   3.31e-03   1.88e-02   3.31e-02
    7.56e-01   3.64e-02]
 [  0.00e+00   8.73e-03   4.37e-03   3.06e-02   1.75e-02   1.18e-01
    4.37e-03   8.73e-03   3.49e-02   8.73e-03   0.00e+00   1.75e-02
    1.75e-02   7.29e-01]]
File:0
[421  11 167 403 571  86 474 105 361 290  46  64  22 168]   pred: 4   true: 4
File:1
[  8 336  23 982  61 298  51   8  36  12  67  77 163 149]   pred: 3   true: 3
File:2
[  37   41  273  123  204   15 1230   24   69   51    3    8   22    5]   pred: 6   true: 6
File:3
[ 142    1  294   72  181   66  632   64  145 1359   24   26   22   85]   pred: 9   true: 9
File:4
[525  16 621 254 299 282 881 221 990 430  25  97  34 179]   pred: 8   true: 8
File:5
[ 80   4 318 501 203  41 567  54 346 256 177  17  15  47]   pred: 6   true: 10
File:6
[1193    4   13    5   35   15   84   37   17  117    4   44    5   24]   pred: 0   true: 0
File:7
[120 482  64 318 105 443  98 150  37  46 195 329 413 298]   pred: 1   true: 7
File:8
[ 78 152   7  49   7 195  14  11  56  27  94  54  38  31]   pred: 5   true: 5
File:9
[ 199 1060   44  333   69  805   76   91   29  189  234  161  376  452]   pred: 1   true: 2
File:10
[ 21 547  46 526  76 365  18  10  30 101 325  23  90  95]   pred: 1   true: 1
File:11
[ 14  33   1  18  39  23   5   4   1   3  17  30 684  33]   pred: 12   true: 12
File:12
[  0   2   1   7   4  27   1   2   8   2   0   4   3 167]   pred: 13   true: 13
File:13
[ 37   8 162  98  21  19 394  67  51 314  11  75  60  53]   pred: 6   true: 11

Document ACC
Doc ACC: 10
Doc ACC: 0.714285714286 (norm)
precision recall fscore support
class 0: (0.61904761904761896, 0.7142857142857143, 0.6428571428571429, None)
class 1: (0.61904761904761896, 0.7142857142857143, 0.6428571428571429, None)
class 2: (0.61904761904761896, 0.7142857142857143, 0.6428571428571429, None)
class 3: (0.61904761904761896, 0.7142857142857143, 0.6428571428571429, None)
class 4: (0.61904761904761896, 0.7142857142857143, 0.6428571428571429, None)
class 5: (0.61904761904761896, 0.7142857142857143, 0.6428571428571429, None)
class 6: (0.61904761904761896, 0.7142857142857143, 0.6428571428571429, None)
class 7: (0.61904761904761896, 0.7142857142857143, 0.6428571428571429, None)
class 8: (0.61904761904761896, 0.7142857142857143, 0.6428571428571429, None)
class 9: (0.61904761904761896, 0.7142857142857143, 0.6428571428571429, None)
class 10: (0.61904761904761896, 0.7142857142857143, 0.6428571428571429, None)
class 11: (0.61904761904761896, 0.7142857142857143, 0.6428571428571429, None)
class 12: (0.61904761904761896, 0.7142857142857143, 0.6428571428571429, None)
class 13: (0.61904761904761896, 0.7142857142857143, 0.6428571428571429, None)
avg : (0.61904761904761896, 0.7142857142857143, 0.6428571428571429, None)


./runs/300d_glove_probI_ba/1473557066/checkpoints/3250
Test for prob: I
Total number of test examples: 32574
ACC	0.253760668017
MSE	20.9046478787
Confusion matrix 
[[1042   24   23    5   43    3   19  110   19  208   16   66    8   12]
 [  13  871   44  125   62   81    7   32   29  129  717   18  112   34]
 [  64 1806   68   73   95  141   15  238   23  314  590  142  351  199]
 [   5  757   55  363  145   54   13   45   40   38  302  105  267   83]
 [ 221   88  300  177  704   15  144  380  319  535  119   83   39   66]
 [  27  319    4    8   10   35    4   49   52   52  160   50   33   11]
 [  22  101  437   67  250    0  826  114   64  173   13   10   27    2]
 [  58  829   71   53  120   48   32  323   32   96  454  295  563  125]
 [ 175   94  921   93  461   53  184  766  795  945   99  148   62   59]
 [  44   31  309   50  165    7  146  134   95 2007   41   29   24   32]
 [  23   33  525  224  223    5  184  275  251  500  314   26   22   22]
 [   8   39  362   30   16    3   64  159   40  453   27   86   68   16]
 [   5   47    2    2    0    4    0   13    1   48   37   26  704   17]
 [   1   28    3    3   21    0    2    6   12    4    0    8   13  128]]
Normalized confusion matrix
[[ 0.65  0.02  0.01  0.    0.03  0.    0.01  0.07  0.01  0.13  0.01  0.04
   0.01  0.01]
 [ 0.01  0.38  0.02  0.05  0.03  0.04  0.    0.01  0.01  0.06  0.32  0.01
   0.05  0.01]
 [ 0.02  0.44  0.02  0.02  0.02  0.03  0.    0.06  0.01  0.08  0.14  0.03
   0.09  0.05]
 [ 0.    0.33  0.02  0.16  0.06  0.02  0.01  0.02  0.02  0.02  0.13  0.05
   0.12  0.04]
 [ 0.07  0.03  0.09  0.06  0.22  0.    0.05  0.12  0.1   0.17  0.04  0.03
   0.01  0.02]
 [ 0.03  0.39  0.    0.01  0.01  0.04  0.    0.06  0.06  0.06  0.2   0.06
   0.04  0.01]
 [ 0.01  0.05  0.21  0.03  0.12  0.    0.39  0.05  0.03  0.08  0.01  0.
   0.01  0.  ]
 [ 0.02  0.27  0.02  0.02  0.04  0.02  0.01  0.1   0.01  0.03  0.15  0.1
   0.18  0.04]
 [ 0.04  0.02  0.19  0.02  0.09  0.01  0.04  0.16  0.16  0.19  0.02  0.03
   0.01  0.01]
 [ 0.01  0.01  0.1   0.02  0.05  0.    0.05  0.04  0.03  0.64  0.01  0.01
   0.01  0.01]
 [ 0.01  0.01  0.2   0.09  0.08  0.    0.07  0.1   0.1   0.19  0.12  0.01
   0.01  0.01]
 [ 0.01  0.03  0.26  0.02  0.01  0.    0.05  0.12  0.03  0.33  0.02  0.06
   0.05  0.01]
 [ 0.01  0.05  0.    0.    0.    0.    0.    0.01  0.    0.05  0.04  0.03
   0.78  0.02]
 [ 0.    0.12  0.01  0.01  0.09  0.    0.01  0.03  0.05  0.02  0.    0.03
   0.06  0.56]]
File:0
[221  88 299 177 704  15 144 380 319 535 119  83  39  66]   pred: 4   true: 4
File:1
[  5 757  55 363 145  54  13  45  40  37 302 105 267  83]   pred: 1   true: 3
File:2
[ 22 100 437  67 250   0 826 114  64 173  13  10  27   2]   pred: 6   true: 6
File:3
[  44   31  309   50  165    7  146  134   95 2006   41   29   24   32]   pred: 9   true: 9
File:4
[175  94 920  93 461  53 184 766 795 945  99 148  62  59]   pred: 9   true: 8
File:5
[ 23  33 525 223 223   5 184 275 251 500 314  26  22  22]   pred: 2   true: 10
File:6
[1041   24   23    5   43    3   19  110   19  208   16   66    8   12]   pred: 0   true: 0
File:7
[ 58 828  71  53 120  48  32 323  32  96 454 295 563 125]   pred: 1   true: 7
File:8
[ 27 318   4   8  10  35   4  49  52  52 160  50  33  11]   pred: 1   true: 5
File:9
[  64 1806   68   73   95  141   15  238   23  313  590  142  351  199]   pred: 1   true: 2
File:10
[ 13 871  44 125  62  81   7  32  29 129 716  18 112  34]   pred: 1   true: 1
File:11
[  5  47   2   2   0   4   0  13   1  48  37  26 703  17]   pred: 12   true: 12
File:12
[  1  28   3   3  21   0   2   6  12   4   0   8  12 128]   pred: 13   true: 13
File:13
[  8  39 361  30  16   3  64 159  40 453  27  86  68  16]   pred: 9   true: 11

Document ACC
Doc ACC: 7
Doc ACC: 0.5 (norm)
precision recall fscore support
class 0: (0.39523809523809522, 0.5, 0.41666666666666669, None)
class 1: (0.39523809523809522, 0.5, 0.41666666666666669, None)
class 2: (0.39523809523809522, 0.5, 0.41666666666666669, None)
class 3: (0.39523809523809522, 0.5, 0.41666666666666669, None)
class 4: (0.39523809523809522, 0.5, 0.41666666666666669, None)
class 5: (0.39523809523809522, 0.5, 0.41666666666666669, None)
class 6: (0.39523809523809522, 0.5, 0.41666666666666669, None)
class 7: (0.39523809523809522, 0.5, 0.41666666666666669, None)
class 8: (0.39523809523809522, 0.5, 0.41666666666666669, None)
class 9: (0.39523809523809522, 0.5, 0.41666666666666669, None)
class 10: (0.39523809523809522, 0.5, 0.41666666666666669, None)
class 11: (0.39523809523809522, 0.5, 0.41666666666666669, None)
class 12: (0.39523809523809522, 0.5, 0.41666666666666669, None)
class 13: (0.39523809523809522, 0.5, 0.41666666666666669, None)
avg : (0.39523809523809522, 0.5, 0.41666666666666669, None)


./runs/300d_glove_probI_ba/1473557066/checkpoints/3500
Test for prob: I
Total number of test examples: 32574
ACC	0.276171179468
MSE	20.33302634
Confusion matrix 
[[1180   14    4    0   23    4   43   77   65  135    3   26   10   14]
 [  23  618   22   87   52  260   19   47  101  110  672   11   96  156]
 [ 202  934    9   39   56  592   46  268  148  193  654   97  329  552]
 [  19  513    5  230   57  289   87   65  185   20  222   57  280  243]
 [ 385   55   43   78  431   53  377  368  847  319   36   24   38  136]
 [  66  162    1    4    7  123    9   51  108   35  128   29   42   49]
 [  43   89   81   34  184    4 1099   74  335  105    4    3   43    8]
 [ 125  440   16   31   69  270   84  344  129   51  415  177  516  432]
 [ 390   35   84   30  169  119  418  631 2300  426   22   30   91  110]
 [ 145   16   43   25  124   26  347  246  429 1581   19   14   30   69]
 [  63   25   85  110  131   24  306  258 1047  317  160   13   43   45]
 [  29   31   26   17   19    8  215  230  276  322    9   39  108   42]
 [   9   32    1    1   38    9    1    7    6    5   24   15  720   38]
 [   1    6    0    0    2    5    5    5   26    1    0    3   13  162]]
Normalized confusion matrix
[[ 0.74  0.01  0.    0.    0.01  0.    0.03  0.05  0.04  0.08  0.    0.02
   0.01  0.01]
 [ 0.01  0.27  0.01  0.04  0.02  0.11  0.01  0.02  0.04  0.05  0.3   0.
   0.04  0.07]
 [ 0.05  0.23  0.    0.01  0.01  0.14  0.01  0.07  0.04  0.05  0.16  0.02
   0.08  0.13]
 [ 0.01  0.23  0.    0.1   0.03  0.13  0.04  0.03  0.08  0.01  0.1   0.03
   0.12  0.11]
 [ 0.12  0.02  0.01  0.02  0.14  0.02  0.12  0.12  0.27  0.1   0.01  0.01
   0.01  0.04]
 [ 0.08  0.2   0.    0.    0.01  0.15  0.01  0.06  0.13  0.04  0.16  0.04
   0.05  0.06]
 [ 0.02  0.04  0.04  0.02  0.09  0.    0.52  0.04  0.16  0.05  0.    0.
   0.02  0.  ]
 [ 0.04  0.14  0.01  0.01  0.02  0.09  0.03  0.11  0.04  0.02  0.13  0.06
   0.17  0.14]
 [ 0.08  0.01  0.02  0.01  0.03  0.02  0.09  0.13  0.47  0.09  0.    0.01
   0.02  0.02]
 [ 0.05  0.01  0.01  0.01  0.04  0.01  0.11  0.08  0.14  0.51  0.01  0.
   0.01  0.02]
 [ 0.02  0.01  0.03  0.04  0.05  0.01  0.12  0.1   0.4   0.12  0.06  0.
   0.02  0.02]
 [ 0.02  0.02  0.02  0.01  0.01  0.01  0.16  0.17  0.2   0.23  0.01  0.03
   0.08  0.03]
 [ 0.01  0.04  0.    0.    0.04  0.01  0.    0.01  0.01  0.01  0.03  0.02
   0.79  0.04]
 [ 0.    0.03  0.    0.    0.01  0.02  0.02  0.02  0.11  0.    0.    0.01
   0.06  0.71]]
File:0
[385  55  43  78 431  53 377 368 847 319  36  24  38 135]   pred: 8   true: 4
File:1
[ 19 513   5 230  57 289  86  65 185  20 222  57 280 243]   pred: 1   true: 3
File:2
[  43   88   81   34  184    4 1099   74  335  105    4    3   43    8]   pred: 6   true: 6
File:3
[ 145   16   43   25  124   26  347  246  429 1580   19   14   30   69]   pred: 9   true: 9
File:4
[ 390   35   84   30  169  119  418  631 2299  426   22   30   91  110]   pred: 8   true: 8
File:5
[  63   25   85  109  131   24  306  258 1047  317  160   13   43   45]   pred: 8   true: 10
File:6
[1179   14    4    0   23    4   43   77   65  135    3   26   10   14]   pred: 0   true: 0
File:7
[125 439  16  31  69 270  84 344 129  51 415 177 516 432]   pred: 12   true: 7
File:8
[ 66 162   1   4   7 123   9  51 108  35 128  29  41  49]   pred: 1   true: 5
File:9
[201 934   9  39  56 592  46 268 148 193 654  97 329 552]   pred: 1   true: 2
File:10
[ 23 618  22  87  52 260  19  47 101 110 671  11  96 156]   pred: 10   true: 1
File:11
[  9  32   1   1  38   9   1   7   6   5  24  15 719  38]   pred: 12   true: 12
File:12
[  1   6   0   0   2   5   5   5  26   1   0   3  12 162]   pred: 13   true: 13
File:13
[ 29  31  26  17  19   8 215 230 275 322   9  39 108  42]   pred: 9   true: 11

Document ACC
Doc ACC: 6
Doc ACC: 0.428571428571 (norm)
precision recall fscore support
class 0: (0.30952380952380959, 0.42857142857142855, 0.34523809523809523, None)
class 1: (0.30952380952380959, 0.42857142857142855, 0.34523809523809523, None)
class 2: (0.30952380952380959, 0.42857142857142855, 0.34523809523809523, None)
class 3: (0.30952380952380959, 0.42857142857142855, 0.34523809523809523, None)
class 4: (0.30952380952380959, 0.42857142857142855, 0.34523809523809523, None)
class 5: (0.30952380952380959, 0.42857142857142855, 0.34523809523809523, None)
class 6: (0.30952380952380959, 0.42857142857142855, 0.34523809523809523, None)
class 7: (0.30952380952380959, 0.42857142857142855, 0.34523809523809523, None)
class 8: (0.30952380952380959, 0.42857142857142855, 0.34523809523809523, None)
class 9: (0.30952380952380959, 0.42857142857142855, 0.34523809523809523, None)
class 10: (0.30952380952380959, 0.42857142857142855, 0.34523809523809523, None)
class 11: (0.30952380952380959, 0.42857142857142855, 0.34523809523809523, None)
class 12: (0.30952380952380959, 0.42857142857142855, 0.34523809523809523, None)
class 13: (0.30952380952380959, 0.42857142857142855, 0.34523809523809523, None)
avg : (0.30952380952380959, 0.42857142857142855, 0.34523809523809523, None)


