===== Filter Size: 50
===== L2 Norm: 0.1
===== Drop Out: 0.75


./runs/300d_glove_probI_ba/1473665148/checkpoints/2000
Test for prob: I
Total number of test examples: 32536
ACC	0.279936070814
MSE	20.4295242193
Confusion matrix
[[1015   65    6    8   24    6   18   62   24  180   44   68   23   55]
 [  41  501   92  253  148   47   67  101  310  288  274    4   37  111]
 [  80  555  306  151  141  553  105  368  340  712  284   76   83  365]
 [  10  319   19  800  188   12   85  203  168   77   90   69   56  176]
 [ 239  273   44  398  431   23   98  264  288  398  273  114   58  289]
 [  50  132    6   19   16  110   35  109  104  114   58   27    8   26]
 [   5  222  115  111  340  154  753   28   67  122   42    8  112   27]
 [ 298  230  153  228  144   10   93  887  273  234   92  146  110  201]
 [ 241  560  172  323  252   49  185  661 1034  480  262  109  183  344]
 [  42  261   89   76  101   17  183  192  118 1597  197   22   76  143]
 [  27  194   83  391  121   86  142  117  243  273  765   22   57  106]
 [   8  116   39   65   14    1   49  144   60  270   67  122  249  167]
 [  15   14    5   14    4    1   10   35    3   46   16   20  627   58]
 [   0    8    0    1   14   26    2   11    2    2    0    1    2  160]]
Normalized confusion matrix
[[ 0.64  0.04  0.    0.01  0.02  0.    0.01  0.04  0.02  0.11  0.03  0.04
   0.01  0.03]
 [ 0.02  0.22  0.04  0.11  0.07  0.02  0.03  0.04  0.14  0.13  0.12  0.
   0.02  0.05]
 [ 0.02  0.13  0.07  0.04  0.03  0.13  0.03  0.09  0.08  0.17  0.07  0.02
   0.02  0.09]
 [ 0.    0.14  0.01  0.35  0.08  0.01  0.04  0.09  0.07  0.03  0.04  0.03
   0.02  0.08]
 [ 0.07  0.09  0.01  0.12  0.14  0.01  0.03  0.08  0.09  0.12  0.09  0.04
   0.02  0.09]
 [ 0.06  0.16  0.01  0.02  0.02  0.14  0.04  0.13  0.13  0.14  0.07  0.03
   0.01  0.03]
 [ 0.    0.11  0.05  0.05  0.16  0.07  0.36  0.01  0.03  0.06  0.02  0.
   0.05  0.01]
 [ 0.1   0.07  0.05  0.07  0.05  0.    0.03  0.29  0.09  0.08  0.03  0.05
   0.04  0.06]
 [ 0.05  0.12  0.04  0.07  0.05  0.01  0.04  0.14  0.21  0.1   0.05  0.02
   0.04  0.07]
 [ 0.01  0.08  0.03  0.02  0.03  0.01  0.06  0.06  0.04  0.51  0.06  0.01
   0.02  0.05]
 [ 0.01  0.07  0.03  0.15  0.05  0.03  0.05  0.04  0.09  0.1   0.29  0.01
   0.02  0.04]
 [ 0.01  0.08  0.03  0.05  0.01  0.    0.04  0.11  0.04  0.2   0.05  0.09
   0.18  0.12]
 [ 0.02  0.02  0.01  0.02  0.    0.    0.01  0.04  0.    0.05  0.02  0.02
   0.72  0.07]
 [ 0.    0.03  0.    0.    0.06  0.11  0.01  0.05  0.01  0.01  0.    0.
   0.01  0.7 ]]
File:0
[239 273  44 398 431  23  98 264 288 398 273 114  58 288]   pred: 4   true: 4
File:1
[ 10 319  19 800 188  12  85 203 168  76  90  69  56 176]   pred: 3   true: 3
File:2
[  5 222 115 111 340 153 753  28  67 122  42   8 112  27]   pred: 6   true: 6
File:3
[  42  261   89   76  101   17  183  192  118 1596  197   22   76  143]   pred: 9   true: 9
File:4
[ 241  560  172  323  252   49  184  661 1034  480  262  109  183  344]   pred: 8   true: 8
File:5
[ 27 194  83 390 121  86 142 117 243 273 765  22  57 106]   pred: 10   true: 10
File:6
[1014   65    6    8   24    6   18   62   24  180   44   68   23   55]   pred: 0   true: 0
File:7
[298 230 153 228 144  10  93 887 272 234  92 146 110 201]   pred: 7   true: 7
File:8
[ 50 131   6  19  16 110  35 109 104 114  58  27   8  26]   pred: 1   true: 5
File:9
[ 80 555 306 151 141 553 105 368 340 711 284  76  83 365]   pred: 9   true: 2
File:10
[ 41 501  92 253 148  47  67 100 310 288 274   4  37 111]   pred: 1   true: 1
File:11
[ 15  14   5  14   4   1  10  35   3  46  16  20 626  58]   pred: 12   true: 12
File:12
[  0   8   0   1  14  26   2  11   2   2   0   1   1 160]   pred: 13   true: 13
File:13
[  8 115  39  65  14   1  49 144  60 270  67 122 249 167]   pred: 9   true: 11

Document ACC
Doc ACC: 11
Doc ACC: 0.785714285714 (norm)
precision recall fscore support
class 0: (0.70238095238095233, 0.7857142857142857, 0.72619047619047616, None)
class 1: (0.70238095238095233, 0.7857142857142857, 0.72619047619047616, None)
class 2: (0.70238095238095233, 0.7857142857142857, 0.72619047619047616, None)
class 3: (0.70238095238095233, 0.7857142857142857, 0.72619047619047616, None)
class 4: (0.70238095238095233, 0.7857142857142857, 0.72619047619047616, None)
class 5: (0.70238095238095233, 0.7857142857142857, 0.72619047619047616, None)
class 6: (0.70238095238095233, 0.7857142857142857, 0.72619047619047616, None)
class 7: (0.70238095238095233, 0.7857142857142857, 0.72619047619047616, None)
class 8: (0.70238095238095233, 0.7857142857142857, 0.72619047619047616, None)
class 9: (0.70238095238095233, 0.7857142857142857, 0.72619047619047616, None)
class 10: (0.70238095238095233, 0.7857142857142857, 0.72619047619047616, None)
class 11: (0.70238095238095233, 0.7857142857142857, 0.72619047619047616, None)
class 12: (0.70238095238095233, 0.7857142857142857, 0.72619047619047616, None)
class 13: (0.70238095238095233, 0.7857142857142857, 0.72619047619047616, None)
avg : (0.70238095238095233, 0.7857142857142857, 0.72619047619047616, None)


./runs/300d_glove_probI_ba/1473665148/checkpoints/2250
Test for prob: I
Total number of test examples: 32536
ACC	0.290478239489
MSE	19.5390644209
Confusion matrix
[[1036   19    9    5   12    9   19   19   48  226   61   63   49   23]
 [  34  129  182  266  128   50   86   38  500  431  314    6   67   43]
 [  95   87  406  137   83  528   97  140  670 1016  398   99  199  164]
 [  13   63   76  722  138   30  113   68  442  150  139   80  151   87]
 [ 285   42  105  336  365   36  112   97  470  568  392   98  141  143]
 [  52   35   16   23    4  126   35   37  154  170   91   33   28   10]
 [   9  106  323   92  137  161  761    7   85  192   46    6  170   11]
 [ 306   45  255  159  102   14  100  405  671  377  141  150  280   94]
 [ 206   88  316  219  147   70  195  172 1801  669  316  115  381  160]
 [  50   45  114   57   63   28  150   96  175 1913  206   26  124   67]
 [  33   32  157  298   74   56  172   58  352  398  825   22  117   33]
 [   8   12   55   35   10    3   33   56   90  340   81  121  472   55]
 [   9    3    4   10    2    1    9    4    8   56   19   17  718    8]
 [   0    1    2    4   12   39    3    7    9    2    0    2   25  123]]
Normalized confusion matrix
[[ 0.65  0.01  0.01  0.    0.01  0.01  0.01  0.01  0.03  0.14  0.04  0.04
   0.03  0.01]
 [ 0.01  0.06  0.08  0.12  0.06  0.02  0.04  0.02  0.22  0.19  0.14  0.
   0.03  0.02]
 [ 0.02  0.02  0.1   0.03  0.02  0.13  0.02  0.03  0.16  0.25  0.1   0.02
   0.05  0.04]
 [ 0.01  0.03  0.03  0.32  0.06  0.01  0.05  0.03  0.19  0.07  0.06  0.04
   0.07  0.04]
 [ 0.09  0.01  0.03  0.11  0.11  0.01  0.04  0.03  0.15  0.18  0.12  0.03
   0.04  0.04]
 [ 0.06  0.04  0.02  0.03  0.    0.15  0.04  0.05  0.19  0.21  0.11  0.04
   0.03  0.01]
 [ 0.    0.05  0.15  0.04  0.07  0.08  0.36  0.    0.04  0.09  0.02  0.
   0.08  0.01]
 [ 0.1   0.01  0.08  0.05  0.03  0.    0.03  0.13  0.22  0.12  0.05  0.05
   0.09  0.03]
 [ 0.04  0.02  0.07  0.05  0.03  0.01  0.04  0.04  0.37  0.14  0.07  0.02
   0.08  0.03]
 [ 0.02  0.01  0.04  0.02  0.02  0.01  0.05  0.03  0.06  0.61  0.07  0.01
   0.04  0.02]
 [ 0.01  0.01  0.06  0.11  0.03  0.02  0.07  0.02  0.13  0.15  0.31  0.01
   0.04  0.01]
 [ 0.01  0.01  0.04  0.03  0.01  0.    0.02  0.04  0.07  0.25  0.06  0.09
   0.34  0.04]
 [ 0.01  0.    0.    0.01  0.    0.    0.01  0.    0.01  0.06  0.02  0.02
   0.83  0.01]
 [ 0.    0.    0.01  0.02  0.05  0.17  0.01  0.03  0.04  0.01  0.    0.01
   0.11  0.54]]
File:0
[285  42 105 336 365  36 112  97 470 568 392  98 141 142]   pred: 9   true: 4
File:1
[ 13  63  76 722 138  30 113  68 442 149 139  80 151  87]   pred: 3   true: 3
File:2
[  9 106 323  92 137 160 761   7  85 192  46   6 170  11]   pred: 6   true: 6
File:3
[  50   45  114   57   63   28  150   96  175 1912  206   26  124   67]   pred: 9   true: 9
File:4
[ 206   88  316  219  147   70  194  172 1801  669  316  115  381  160]   pred: 8   true: 8
File:5
[ 33  32 157 298  74  56 172  58 352 398 825  22 116  33]   pred: 10   true: 10
File:6
[1035   19    9    5   12    9   19   19   48  226   61   63   49   23]   pred: 0   true: 0
File:7
[306  45 255 159 102  14 100 405 670 377 141 150 280  94]   pred: 8   true: 7
File:8
[ 51  35  16  23   4 126  35  37 154 170  91  33  28  10]   pred: 9   true: 5
File:9
[  95   87  406  137   83  528   97  140  670 1015  398   99  199  164]   pred: 9   true: 2
File:10
[ 34 129 182 266 128  50  86  38 500 430 314   6  67  43]   pred: 8   true: 1
File:11
[  9   3   4  10   2   1   9   4   8  56  19  17 717   8]   pred: 12   true: 12
File:12
[  0   1   2   4  12  39   3   7   9   2   0   2  24 123]   pred: 13   true: 13
File:13
[  8  12  55  35  10   3  33  56  89 340  81 121 472  55]   pred: 12   true: 11

Document ACC
Doc ACC: 8
Doc ACC: 0.571428571429 (norm)
precision recall fscore support
class 0: (0.43452380952380959, 0.5714285714285714, 0.4690476190476191, None)
class 1: (0.43452380952380959, 0.5714285714285714, 0.4690476190476191, None)
class 2: (0.43452380952380959, 0.5714285714285714, 0.4690476190476191, None)
class 3: (0.43452380952380959, 0.5714285714285714, 0.4690476190476191, None)
class 4: (0.43452380952380959, 0.5714285714285714, 0.4690476190476191, None)
class 5: (0.43452380952380959, 0.5714285714285714, 0.4690476190476191, None)
class 6: (0.43452380952380959, 0.5714285714285714, 0.4690476190476191, None)
class 7: (0.43452380952380959, 0.5714285714285714, 0.4690476190476191, None)
class 8: (0.43452380952380959, 0.5714285714285714, 0.4690476190476191, None)
class 9: (0.43452380952380959, 0.5714285714285714, 0.4690476190476191, None)
class 10: (0.43452380952380959, 0.5714285714285714, 0.4690476190476191, None)
class 11: (0.43452380952380959, 0.5714285714285714, 0.4690476190476191, None)
class 12: (0.43452380952380959, 0.5714285714285714, 0.4690476190476191, None)
class 13: (0.43452380952380959, 0.5714285714285714, 0.4690476190476191, None)
avg : (0.43452380952380959, 0.5714285714285714, 0.4690476190476191, None)


./runs/300d_glove_probI_ba/1473665148/checkpoints/2500
Test for prob: I
Total number of test examples: 32536
ACC	0.283593557905
MSE	20.2261494959
Confusion matrix
[[1102   41    4    7   22    4   22   28   10  177   40   78   44   19]
 [  69  341  133  261  183   33  107   82  214  420  297   21   71   42]
 [ 191  397  459  143  162  378  135  229  274  920  258  153  281  139]
 [  42  234   39  671  225    8  190  111  181  125   85  129  183   49]
 [ 425  147   65  272  484    5  203  161  218  497  299  166  136  112]
 [  92   87   10   17   16   82   61   55  107  145   52   46   37    7]
 [  13  190  164  100  245   92  858    9   40  144   34    9  200    8]
 [ 389  159  227  144  157    2  160  647  242  339   81  194  287   71]
 [ 403  407  252  213  253   32  304  331  990  690  188  208  471  113]
 [  92  168   79   61   98    6  188  131   93 1818  156   42  126   56]
 [  54  124  135  370  151   31  196   72  166  353  770   35  140   30]
 [  25   61   35   32   13    1   44   63   20  339   54  164  466   54]
 [  25   14    5    8    2    1    7   11    3   38   10   21  715    8]
 [   0    6    1    2   22   14    3   14    2    3    0    7   29  126]]
Normalized confusion matrix
[[  6.90e-01   2.57e-02   2.50e-03   4.38e-03   1.38e-02   2.50e-03
    1.38e-02   1.75e-02   6.26e-03   1.11e-01   2.50e-02   4.88e-02
    2.75e-02   1.19e-02]
 [  3.03e-02   1.50e-01   5.85e-02   1.15e-01   8.05e-02   1.45e-02
    4.71e-02   3.61e-02   9.41e-02   1.85e-01   1.31e-01   9.23e-03
    3.12e-02   1.85e-02]
 [  4.64e-02   9.64e-02   1.11e-01   3.47e-02   3.93e-02   9.18e-02
    3.28e-02   5.56e-02   6.65e-02   2.23e-01   6.26e-02   3.71e-02
    6.82e-02   3.37e-02]
 [  1.85e-02   1.03e-01   1.72e-02   2.95e-01   9.90e-02   3.52e-03
    8.36e-02   4.89e-02   7.97e-02   5.50e-02   3.74e-02   5.68e-02
    8.05e-02   2.16e-02]
 [  1.33e-01   4.61e-02   2.04e-02   8.53e-02   1.52e-01   1.57e-03
    6.36e-02   5.05e-02   6.83e-02   1.56e-01   9.37e-02   5.20e-02
    4.26e-02   3.51e-02]
 [  1.13e-01   1.07e-01   1.23e-02   2.09e-02   1.97e-02   1.01e-01
    7.49e-02   6.76e-02   1.31e-01   1.78e-01   6.39e-02   5.65e-02
    4.55e-02   8.60e-03]
 [  6.17e-03   9.02e-02   7.79e-02   4.75e-02   1.16e-01   4.37e-02
    4.07e-01   4.27e-03   1.90e-02   6.84e-02   1.61e-02   4.27e-03
    9.50e-02   3.80e-03]
 [  1.26e-01   5.13e-02   7.32e-02   4.65e-02   5.07e-02   6.45e-04
    5.16e-02   2.09e-01   7.81e-02   1.09e-01   2.61e-02   6.26e-02
    9.26e-02   2.29e-02]
 [  8.30e-02   8.38e-02   5.19e-02   4.39e-02   5.21e-02   6.59e-03
    6.26e-02   6.82e-02   2.04e-01   1.42e-01   3.87e-02   4.28e-02
    9.70e-02   2.33e-02]
 [  2.95e-02   5.39e-02   2.54e-02   1.96e-02   3.15e-02   1.93e-03
    6.04e-02   4.21e-02   2.99e-02   5.84e-01   5.01e-02   1.35e-02
    4.05e-02   1.80e-02]
 [  2.06e-02   4.72e-02   5.14e-02   1.41e-01   5.75e-02   1.18e-02
    7.46e-02   2.74e-02   6.32e-02   1.34e-01   2.93e-01   1.33e-02
    5.33e-02   1.14e-02]
 [  1.82e-02   4.45e-02   2.55e-02   2.33e-02   9.48e-03   7.29e-04
    3.21e-02   4.60e-02   1.46e-02   2.47e-01   3.94e-02   1.20e-01
    3.40e-01   3.94e-02]
 [  2.88e-02   1.61e-02   5.76e-03   9.22e-03   2.30e-03   1.15e-03
    8.06e-03   1.27e-02   3.46e-03   4.38e-02   1.15e-02   2.42e-02
    8.24e-01   9.22e-03]
 [  0.00e+00   2.62e-02   4.37e-03   8.73e-03   9.61e-02   6.11e-02
    1.31e-02   6.11e-02   8.73e-03   1.31e-02   0.00e+00   3.06e-02
    1.27e-01   5.50e-01]]
File:0
[425 147  65 272 484   5 203 161 218 496 299 166 136 112]   pred: 9   true: 4
File:1
[ 42 234  39 671 225   8 190 111 181 124  85 129 183  49]   pred: 3   true: 3
File:2
[ 13 190 164 100 245  91 858   9  40 144  34   9 200   8]   pred: 6   true: 6
File:3
[  92  168   79   61   98    6  188  131   93 1817  156   42  126   56]   pred: 9   true: 9
File:4
[403 406 252 213 253  32 304 331 990 690 188 208 471 113]   pred: 8   true: 8
File:5
[ 54 124 135 370 151  31 196  72 166 353 770  35 139  30]   pred: 10   true: 10
File:6
[1101   41    4    7   22    4   22   28   10  177   40   78   44   19]   pred: 0   true: 0
File:7
[389 159 227 144 157   2 160 647 241 339  81 194 287  71]   pred: 7   true: 7
File:8
[ 91  87  10  17  16  82  61  55 107 145  52  46  37   7]   pred: 9   true: 5
File:9
[191 397 459 143 162 378 135 229 274 919 258 153 281 139]   pred: 9   true: 2
File:10
[ 69 341 133 261 183  33 107  81 214 420 297  21  71  42]   pred: 9   true: 1
File:11
[ 25  14   5   8   2   1   7  11   3  38  10  21 714   8]   pred: 12   true: 12
File:12
[  0   6   1   2  22  14   3  14   2   3   0   7  28 126]   pred: 13   true: 13
File:13
[ 25  60  35  32  13   1  44  63  20 339  54 164 466  54]   pred: 12   true: 11

Document ACC
Doc ACC: 9
Doc ACC: 0.642857142857 (norm)
precision recall fscore support
class 0: (0.55000000000000004, 0.6428571428571429, 0.5714285714285714, None)
class 1: (0.55000000000000004, 0.6428571428571429, 0.5714285714285714, None)
class 2: (0.55000000000000004, 0.6428571428571429, 0.5714285714285714, None)
class 3: (0.55000000000000004, 0.6428571428571429, 0.5714285714285714, None)
class 4: (0.55000000000000004, 0.6428571428571429, 0.5714285714285714, None)
class 5: (0.55000000000000004, 0.6428571428571429, 0.5714285714285714, None)
class 6: (0.55000000000000004, 0.6428571428571429, 0.5714285714285714, None)
class 7: (0.55000000000000004, 0.6428571428571429, 0.5714285714285714, None)
class 8: (0.55000000000000004, 0.6428571428571429, 0.5714285714285714, None)
class 9: (0.55000000000000004, 0.6428571428571429, 0.5714285714285714, None)
class 10: (0.55000000000000004, 0.6428571428571429, 0.5714285714285714, None)
class 11: (0.55000000000000004, 0.6428571428571429, 0.5714285714285714, None)
class 12: (0.55000000000000004, 0.6428571428571429, 0.5714285714285714, None)
class 13: (0.55000000000000004, 0.6428571428571429, 0.5714285714285714, None)
avg : (0.55000000000000004, 0.6428571428571429, 0.5714285714285714, None)


./runs/300d_glove_probI_ba/1473665148/checkpoints/2750
Test for prob: I
Total number of test examples: 32536
ACC	0.276309318908
MSE	21.3019117285
Confusion matrix
[[1141   63    3    6    7    3   21   33    5  180   31   51   24   30]
 [  88  723  154  167   79   18   70   77  195  371  241    7   34   50]
 [ 219  851  457  103   65  314   96  317  205  888  249   63  112  180]
 [  52  576   77  523   89    5  125  162  157  124   93   74   92  123]
 [ 441  449  134  224  266    3  150  201  198  478  274   97   75  200]
 [  99  168   20    9    5   67   47   69  112  139   37   26   10    6]
 [  22  257  373   98   97   67  784   26   45  136   49    6  128   18]
 [ 455  366  234  111   65    1  117  810  179  297   81  128  130  125]
 [ 532  879  364  163  116   28  187  475  788  599  202  107  216  199]
 [ 109  305   69   52   55    5  145  180   95 1787  153   21   62   76]
 [  70  294  175  381   61   17  108   95  188  334  733   26   79   66]
 [  45  192   52   31    9    1   29   99   22  349   51  110  284   97]
 [  32   33    5    8    1    0    4   25    2   41    9   21  656   31]
 [   0   16    9    3    7   12    2   14    2    2    0    3   14  145]]
Normalized confusion matrix
[[  7.14e-01   3.94e-02   1.88e-03   3.75e-03   4.38e-03   1.88e-03
    1.31e-02   2.07e-02   3.13e-03   1.13e-01   1.94e-02   3.19e-02
    1.50e-02   1.88e-02]
 [  3.87e-02   3.18e-01   6.77e-02   7.34e-02   3.47e-02   7.92e-03
    3.08e-02   3.39e-02   8.58e-02   1.63e-01   1.06e-01   3.08e-03
    1.50e-02   2.20e-02]
 [  5.32e-02   2.07e-01   1.11e-01   2.50e-02   1.58e-02   7.62e-02
    2.33e-02   7.70e-02   4.98e-02   2.16e-01   6.05e-02   1.53e-02
    2.72e-02   4.37e-02]
 [  2.29e-02   2.54e-01   3.39e-02   2.30e-01   3.92e-02   2.20e-03
    5.50e-02   7.13e-02   6.91e-02   5.46e-02   4.09e-02   3.26e-02
    4.05e-02   5.41e-02]
 [  1.38e-01   1.41e-01   4.20e-02   7.02e-02   8.34e-02   9.40e-04
    4.70e-02   6.30e-02   6.21e-02   1.50e-01   8.59e-02   3.04e-02
    2.35e-02   6.27e-02]
 [  1.22e-01   2.06e-01   2.46e-02   1.11e-02   6.14e-03   8.23e-02
    5.77e-02   8.48e-02   1.38e-01   1.71e-01   4.55e-02   3.19e-02
    1.23e-02   7.37e-03]
 [  1.04e-02   1.22e-01   1.77e-01   4.65e-02   4.61e-02   3.18e-02
    3.72e-01   1.23e-02   2.14e-02   6.46e-02   2.33e-02   2.85e-03
    6.08e-02   8.55e-03]
 [  1.47e-01   1.18e-01   7.55e-02   3.58e-02   2.10e-02   3.23e-04
    3.78e-02   2.61e-01   5.78e-02   9.58e-02   2.61e-02   4.13e-02
    4.19e-02   4.03e-02]
 [  1.10e-01   1.81e-01   7.50e-02   3.36e-02   2.39e-02   5.77e-03
    3.85e-02   9.78e-02   1.62e-01   1.23e-01   4.16e-02   2.20e-02
    4.45e-02   4.10e-02]
 [  3.50e-02   9.79e-02   2.22e-02   1.67e-02   1.77e-02   1.61e-03
    4.66e-02   5.78e-02   3.05e-02   5.74e-01   4.91e-02   6.74e-03
    1.99e-02   2.44e-02]
 [  2.66e-02   1.12e-01   6.66e-02   1.45e-01   2.32e-02   6.47e-03
    4.11e-02   3.62e-02   7.16e-02   1.27e-01   2.79e-01   9.90e-03
    3.01e-02   2.51e-02]
 [  3.28e-02   1.40e-01   3.79e-02   2.26e-02   6.56e-03   7.29e-04
    2.12e-02   7.22e-02   1.60e-02   2.55e-01   3.72e-02   8.02e-02
    2.07e-01   7.08e-02]
 [  3.69e-02   3.80e-02   5.76e-03   9.22e-03   1.15e-03   0.00e+00
    4.61e-03   2.88e-02   2.30e-03   4.72e-02   1.04e-02   2.42e-02
    7.56e-01   3.57e-02]
 [  0.00e+00   6.99e-02   3.93e-02   1.31e-02   3.06e-02   5.24e-02
    8.73e-03   6.11e-02   8.73e-03   8.73e-03   0.00e+00   1.31e-02
    6.11e-02   6.33e-01]]
File:0
[441 449 134 224 266   3 150 201 198 477 274  97  75 200]   pred: 9   true: 4
File:1
[ 52 576  77 523  89   5 125 162 157 123  93  74  92 123]   pred: 1   true: 3
File:2
[ 22 257 373  98  97  66 784  26  45 136  49   6 128  18]   pred: 6   true: 6
File:3
[ 109  305   69   52   55    5  145  180   95 1786  153   21   62   76]   pred: 9   true: 9
File:4
[532 879 364 163 116  28 187 475 788 599 202 107 216 198]   pred: 1   true: 8
File:5
[ 70 294 175 381  61  17 108  95 188 334 733  26  78  66]   pred: 10   true: 10
File:6
[1140   63    3    6    7    3   21   33    5  180   31   51   24   30]   pred: 0   true: 0
File:7
[455 366 234 111  65   1 117 810 178 297  81 128 130 125]   pred: 7   true: 7
File:8
[ 98 168  20   9   5  67  47  69 112 139  37  26  10   6]   pred: 1   true: 5
File:9
[219 851 457 103  65 314  96 317 205 887 249  63 112 180]   pred: 9   true: 2
File:10
[ 88 723 154 167  79  18  70  77 195 370 241   7  34  50]   pred: 1   true: 1
File:11
[ 32  33   5   8   1   0   4  25   2  41   9  21 655  31]   pred: 12   true: 12
File:12
[  0  16   9   3   7  12   2  14   2   2   0   3  13 145]   pred: 13   true: 13
File:13
[ 45 191  52  31   9   1  29  99  22 349  51 110 284  97]   pred: 9   true: 11

Document ACC
Doc ACC: 8
Doc ACC: 0.571428571429 (norm)
precision recall fscore support
class 0: (0.4642857142857143, 0.5714285714285714, 0.48571428571428571, None)
class 1: (0.4642857142857143, 0.5714285714285714, 0.48571428571428571, None)
class 2: (0.4642857142857143, 0.5714285714285714, 0.48571428571428571, None)
class 3: (0.4642857142857143, 0.5714285714285714, 0.48571428571428571, None)
class 4: (0.4642857142857143, 0.5714285714285714, 0.48571428571428571, None)
class 5: (0.4642857142857143, 0.5714285714285714, 0.48571428571428571, None)
class 6: (0.4642857142857143, 0.5714285714285714, 0.48571428571428571, None)
class 7: (0.4642857142857143, 0.5714285714285714, 0.48571428571428571, None)
class 8: (0.4642857142857143, 0.5714285714285714, 0.48571428571428571, None)
class 9: (0.4642857142857143, 0.5714285714285714, 0.48571428571428571, None)
class 10: (0.4642857142857143, 0.5714285714285714, 0.48571428571428571, None)
class 11: (0.4642857142857143, 0.5714285714285714, 0.48571428571428571, None)
class 12: (0.4642857142857143, 0.5714285714285714, 0.48571428571428571, None)
class 13: (0.4642857142857143, 0.5714285714285714, 0.48571428571428571, None)
avg : (0.4642857142857143, 0.5714285714285714, 0.48571428571428571, None)


./runs/300d_glove_probI_ba/1473665148/checkpoints/3000
Test for prob: I
Total number of test examples: 32536
ACC	0.269762724367
MSE	20.829143103
Confusion matrix
[[1053   72    1    5   37    6   17   36    4  152   34   91   39   51]
 [  50  422  130  292  221   52   81   92  168  285  310   22   41  108]
 [ 106  611  323  159  261  446  128  302  185  755  230  183  155  275]
 [  29  275   49  691  319   16  155  118   94   91   82  121   97  135]
 [ 310  221   83  288  632   29  154  157  153  382  274  160   95  252]
 [  66  135    7   20   35   96   56   62  102  117   32   50   16   20]
 [   9  207  192  136  279   93  798   21   40  105   37   12  156   21]
 [ 300  191  182  153  275   14  150  705  147  256   80  251  196  199]
 [ 319  517  290  272  388   94  269  417  705  539  192  255  308  290]
 [  59  240   76   82  134   19  169  168   93 1623  142   55  110  144]
 [  44  155  152  447  209   53  117  100  130  289  711   42   94   84]
 [  12  103   37   49   23    1   51   77   20  260   52  204  342  140]
 [  13   18    5    6   10    1   11   13    1   31    8   40  673   38]
 [   0    4    0    2   31   12    3   14    3    2    0    4   13  141]]
Normalized confusion matrix
[[  6.59e-01   4.51e-02   6.26e-04   3.13e-03   2.32e-02   3.75e-03
    1.06e-02   2.25e-02   2.50e-03   9.51e-02   2.13e-02   5.69e-02
    2.44e-02   3.19e-02]
 [  2.20e-02   1.86e-01   5.72e-02   1.28e-01   9.72e-02   2.29e-02
    3.56e-02   4.05e-02   7.39e-02   1.25e-01   1.36e-01   9.67e-03
    1.80e-02   4.75e-02]
 [  2.57e-02   1.48e-01   7.84e-02   3.86e-02   6.34e-02   1.08e-01
    3.11e-02   7.33e-02   4.49e-02   1.83e-01   5.58e-02   4.44e-02
    3.76e-02   6.68e-02]
 [  1.28e-02   1.21e-01   2.16e-02   3.04e-01   1.40e-01   7.04e-03
    6.82e-02   5.19e-02   4.14e-02   4.01e-02   3.61e-02   5.33e-02
    4.27e-02   5.94e-02]
 [  9.72e-02   6.93e-02   2.60e-02   9.03e-02   1.98e-01   9.09e-03
    4.83e-02   4.92e-02   4.80e-02   1.20e-01   8.59e-02   5.02e-02
    2.98e-02   7.90e-02]
 [  8.11e-02   1.66e-01   8.60e-03   2.46e-02   4.30e-02   1.18e-01
    6.88e-02   7.62e-02   1.25e-01   1.44e-01   3.93e-02   6.14e-02
    1.97e-02   2.46e-02]
 [  4.27e-03   9.83e-02   9.12e-02   6.46e-02   1.32e-01   4.42e-02
    3.79e-01   9.97e-03   1.90e-02   4.99e-02   1.76e-02   5.70e-03
    7.41e-02   9.97e-03]
 [  9.68e-02   6.16e-02   5.87e-02   4.94e-02   8.87e-02   4.52e-03
    4.84e-02   2.27e-01   4.74e-02   8.26e-02   2.58e-02   8.10e-02
    6.32e-02   6.42e-02]
 [  6.57e-02   1.06e-01   5.97e-02   5.60e-02   7.99e-02   1.94e-02
    5.54e-02   8.59e-02   1.45e-01   1.11e-01   3.95e-02   5.25e-02
    6.34e-02   5.97e-02]
 [  1.89e-02   7.71e-02   2.44e-02   2.63e-02   4.30e-02   6.10e-03
    5.43e-02   5.39e-02   2.99e-02   5.21e-01   4.56e-02   1.77e-02
    3.53e-02   4.62e-02]
 [  1.67e-02   5.90e-02   5.79e-02   1.70e-01   7.96e-02   2.02e-02
    4.45e-02   3.81e-02   4.95e-02   1.10e-01   2.71e-01   1.60e-02
    3.58e-02   3.20e-02]
 [  8.75e-03   7.51e-02   2.70e-02   3.57e-02   1.68e-02   7.29e-04
    3.72e-02   5.62e-02   1.46e-02   1.90e-01   3.79e-02   1.49e-01
    2.49e-01   1.02e-01]
 [  1.50e-02   2.07e-02   5.76e-03   6.91e-03   1.15e-02   1.15e-03
    1.27e-02   1.50e-02   1.15e-03   3.57e-02   9.22e-03   4.61e-02
    7.75e-01   4.38e-02]
 [  0.00e+00   1.75e-02   0.00e+00   8.73e-03   1.35e-01   5.24e-02
    1.31e-02   6.11e-02   1.31e-02   8.73e-03   0.00e+00   1.75e-02
    5.68e-02   6.16e-01]]
File:0
[310 221  83 288 632  29 154 157 153 382 274 160  95 251]   pred: 4   true: 4
File:1
[ 29 275  49 691 319  16 155 118  94  90  82 121  97 135]   pred: 3   true: 3
File:2
[  9 207 192 136 279  92 798  21  40 105  37  12 156  21]   pred: 6   true: 6
File:3
[  59  240   76   82  134   19  169  168   93 1622  142   55  110  144]   pred: 9   true: 9
File:4
[319 517 290 272 388  94 269 417 705 539 192 255 308 289]   pred: 8   true: 8
File:5
[ 44 155 152 446 209  53 117 100 130 289 711  42  94  84]   pred: 10   true: 10
File:6
[1052   72    1    5   37    6   17   36    4  152   34   91   39   51]   pred: 0   true: 0
File:7
[300 191 182 153 275  14 150 705 146 256  80 251 196 199]   pred: 7   true: 7
File:8
[ 65 135   7  20  35  96  56  62 102 117  32  50  16  20]   pred: 1   true: 5
File:9
[106 611 323 159 261 446 128 302 185 754 230 183 155 275]   pred: 9   true: 2
File:10
[ 50 422 130 292 221  52  81  92 168 284 310  22  41 108]   pred: 1   true: 1
File:11
[ 13  18   5   6  10   1  11  13   1  31   8  40 672  38]   pred: 12   true: 12
File:12
[  0   4   0   2  31  12   3  14   3   2   0   4  12 141]   pred: 13   true: 13
File:13
[ 12 102  37  49  23   1  51  77  20 260  52 204 342 140]   pred: 12   true: 11

Document ACC
Doc ACC: 11
Doc ACC: 0.785714285714 (norm)
precision recall fscore support
class 0: (0.6785714285714286, 0.7857142857142857, 0.71428571428571419, None)
class 1: (0.6785714285714286, 0.7857142857142857, 0.71428571428571419, None)
class 2: (0.6785714285714286, 0.7857142857142857, 0.71428571428571419, None)
class 3: (0.6785714285714286, 0.7857142857142857, 0.71428571428571419, None)
class 4: (0.6785714285714286, 0.7857142857142857, 0.71428571428571419, None)
class 5: (0.6785714285714286, 0.7857142857142857, 0.71428571428571419, None)
class 6: (0.6785714285714286, 0.7857142857142857, 0.71428571428571419, None)
class 7: (0.6785714285714286, 0.7857142857142857, 0.71428571428571419, None)
class 8: (0.6785714285714286, 0.7857142857142857, 0.71428571428571419, None)
class 9: (0.6785714285714286, 0.7857142857142857, 0.71428571428571419, None)
class 10: (0.6785714285714286, 0.7857142857142857, 0.71428571428571419, None)
class 11: (0.6785714285714286, 0.7857142857142857, 0.71428571428571419, None)
class 12: (0.6785714285714286, 0.7857142857142857, 0.71428571428571419, None)
class 13: (0.6785714285714286, 0.7857142857142857, 0.71428571428571419, None)
avg : (0.6785714285714286, 0.7857142857142857, 0.71428571428571419, None)


./runs/300d_glove_probI_ba/1473665148/checkpoints/3250
Test for prob: I
Total number of test examples: 32536
ACC	0.28045856897
MSE	19.4151094173
Confusion matrix
[[1006   26   18   21   31    9   28   28    8  265   34   46   41   37]
 [  25  303  158  377  192   51   69   59  141  489  312    2   39   57]
 [  45  214  523  240  194  462  124  193  133 1354  266   55  148  168]
 [   9  137   95  881  292   16  138   85   99  178  104   50  103   85]
 [ 249  127  131  391  560   33  128  135  159  656  298   46  106  171]
 [  38   60   20   35   25   99   47   46  102  227   64   21   20   10]
 [   6  154  229  174  213  102  834   12   28  182   36    3  119   14]
 [ 213  123  341  255  258   16  147  609  162  467   95   86  186  141]
 [ 174  252  492  458  339   92  260  290  656 1030  240   80  284  208]
 [  25   80  107  114  108   16  147  113   78 2057  113   16   72   68]
 [  15   89  203  575  171   38  101   62   80  441  716   11   82   43]
 [   6   39   79   82   19    3   48   46   19  447   56   61  362  104]
 [  12    5    9   14    7    1    8   11    2   66   15    9  680   29]
 [   0    3    2    5   19   30    1    3    4    3    0    2   17  140]]
Normalized confusion matrix
[[ 0.63  0.02  0.01  0.01  0.02  0.01  0.02  0.02  0.01  0.17  0.02  0.03
   0.03  0.02]
 [ 0.01  0.13  0.07  0.17  0.08  0.02  0.03  0.03  0.06  0.22  0.14  0.
   0.02  0.03]
 [ 0.01  0.05  0.13  0.06  0.05  0.11  0.03  0.05  0.03  0.33  0.06  0.01
   0.04  0.04]
 [ 0.    0.06  0.04  0.39  0.13  0.01  0.06  0.04  0.04  0.08  0.05  0.02
   0.05  0.04]
 [ 0.08  0.04  0.04  0.12  0.18  0.01  0.04  0.04  0.05  0.21  0.09  0.01
   0.03  0.05]
 [ 0.05  0.07  0.02  0.04  0.03  0.12  0.06  0.06  0.13  0.28  0.08  0.03
   0.02  0.01]
 [ 0.    0.07  0.11  0.08  0.1   0.05  0.4   0.01  0.01  0.09  0.02  0.
   0.06  0.01]
 [ 0.07  0.04  0.11  0.08  0.08  0.01  0.05  0.2   0.05  0.15  0.03  0.03
   0.06  0.05]
 [ 0.04  0.05  0.1   0.09  0.07  0.02  0.05  0.06  0.14  0.21  0.05  0.02
   0.06  0.04]
 [ 0.01  0.03  0.03  0.04  0.03  0.01  0.05  0.04  0.03  0.66  0.04  0.01
   0.02  0.02]
 [ 0.01  0.03  0.08  0.22  0.07  0.01  0.04  0.02  0.03  0.17  0.27  0.
   0.03  0.02]
 [ 0.    0.03  0.06  0.06  0.01  0.    0.04  0.03  0.01  0.33  0.04  0.04
   0.26  0.08]
 [ 0.01  0.01  0.01  0.02  0.01  0.    0.01  0.01  0.    0.08  0.02  0.01
   0.78  0.03]
 [ 0.    0.01  0.01  0.02  0.08  0.13  0.    0.01  0.02  0.01  0.    0.01
   0.07  0.61]]
File:0
[249 127 131 391 560  33 128 135 159 655 298  46 106 171]   pred: 9   true: 4
File:1
[  9 137  95 881 292  16 138  85  99 177 104  50 103  85]   pred: 3   true: 3
File:2
[  6 154 229 174 213 101 834  12  28 182  36   3 119  14]   pred: 6   true: 6
File:3
[  25   80  107  114  108   16  147  113   78 2056  113   16   72   68]   pred: 9   true: 9
File:4
[ 174  252  492  458  339   92  260  290  656 1030  240   80  284  207]   pred: 9   true: 8
File:5
[ 15  89 203 574 171  38 101  62  80 441 716  11  82  43]   pred: 10   true: 10
File:6
[1005   26   18   21   31    9   28   28    8  265   34   46   41   37]   pred: 0   true: 0
File:7
[213 123 341 255 258  16 147 609 161 467  95  86 186 141]   pred: 7   true: 7
File:8
[ 38  60  20  35  25  99  47  46 102 226  64  21  20  10]   pred: 9   true: 5
File:9
[  45  214  523  240  194  462  124  193  133 1353  266   55  148  168]   pred: 9   true: 2
File:10
[ 25 303 158 377 192  51  69  59 141 488 312   2  39  57]   pred: 9   true: 1
File:11
[ 12   5   9  14   7   1   8  11   2  66  15   9 679  29]   pred: 12   true: 12
File:12
[  0   3   2   5  19  30   1   3   4   3   0   2  16 140]   pred: 13   true: 13
File:13
[  6  38  79  82  19   3  48  46  19 447  56  61 362 104]   pred: 9   true: 11

Document ACC
Doc ACC: 8
Doc ACC: 0.571428571429 (norm)
precision recall fscore support
class 0: (0.51020408163265307, 0.5714285714285714, 0.5178571428571429, None)
class 1: (0.51020408163265307, 0.5714285714285714, 0.5178571428571429, None)
class 2: (0.51020408163265307, 0.5714285714285714, 0.5178571428571429, None)
class 3: (0.51020408163265307, 0.5714285714285714, 0.5178571428571429, None)
class 4: (0.51020408163265307, 0.5714285714285714, 0.5178571428571429, None)
class 5: (0.51020408163265307, 0.5714285714285714, 0.5178571428571429, None)
class 6: (0.51020408163265307, 0.5714285714285714, 0.5178571428571429, None)
class 7: (0.51020408163265307, 0.5714285714285714, 0.5178571428571429, None)
class 8: (0.51020408163265307, 0.5714285714285714, 0.5178571428571429, None)
class 9: (0.51020408163265307, 0.5714285714285714, 0.5178571428571429, None)
class 10: (0.51020408163265307, 0.5714285714285714, 0.5178571428571429, None)
class 11: (0.51020408163265307, 0.5714285714285714, 0.5178571428571429, None)
class 12: (0.51020408163265307, 0.5714285714285714, 0.5178571428571429, None)
class 13: (0.51020408163265307, 0.5714285714285714, 0.5178571428571429, None)
avg : (0.51020408163265307, 0.5714285714285714, 0.5178571428571429, None)


./runs/300d_glove_probI_ba/1473665148/checkpoints/3500
Test for prob: I
Total number of test examples: 32536
ACC	0.29004794689
MSE	19.6214961888
Confusion matrix
[[1061   19    5   14   22    8   27   25   32  228   22   52   46   37]
 [  41  233  109  307  152   45   81   71  384  524  200    7   48   72]
 [  86  134  267  195  132  442  120  215  514 1314  151   75  227  247]
 [  25   88   55  794  135   17  130   92  373  185   53   65  128  132]
 [ 296   78   68  360  371   31  156  126  433  633  192   70  131  245]
 [  61   36    7   29   10   98   54   46  146  228   24   29   31   15]
 [  10  126  195  128  129   97  912   13   85  189   26    5  174   17]
 [ 261   52  145  183  130   22  136  590  512  483   35   96  265  189]
 [ 222  135  202  280  159   84  210  237 1606  932  105   87  363  233]
 [  51   73   63   82   86   14  163  127  146 2027   92   21   90   79]
 [  36   62  131  446  113   25  137   69  366  485  538   15  124   80]
 [  14   18   28   53   14    5   46   51   69  421   31   73  405  143]
 [  14    0    4   11    1    1   12   10    2   52    4    7  713   37]
 [   0    2    2    3    8   19    3    2    5    2    0    2   27  154]]
Normalized confusion matrix
[[ 0.66  0.01  0.    0.01  0.01  0.01  0.02  0.02  0.02  0.14  0.01  0.03
   0.03  0.02]
 [ 0.02  0.1   0.05  0.14  0.07  0.02  0.04  0.03  0.17  0.23  0.09  0.
   0.02  0.03]
 [ 0.02  0.03  0.06  0.05  0.03  0.11  0.03  0.05  0.12  0.32  0.04  0.02
   0.06  0.06]
 [ 0.01  0.04  0.02  0.35  0.06  0.01  0.06  0.04  0.16  0.08  0.02  0.03
   0.06  0.06]
 [ 0.09  0.02  0.02  0.11  0.12  0.01  0.05  0.04  0.14  0.2   0.06  0.02
   0.04  0.08]
 [ 0.07  0.04  0.01  0.04  0.01  0.12  0.07  0.06  0.18  0.28  0.03  0.04
   0.04  0.02]
 [ 0.    0.06  0.09  0.06  0.06  0.05  0.43  0.01  0.04  0.09  0.01  0.
   0.08  0.01]
 [ 0.08  0.02  0.05  0.06  0.04  0.01  0.04  0.19  0.17  0.16  0.01  0.03
   0.09  0.06]
 [ 0.05  0.03  0.04  0.06  0.03  0.02  0.04  0.05  0.33  0.19  0.02  0.02
   0.07  0.05]
 [ 0.02  0.02  0.02  0.03  0.03  0.    0.05  0.04  0.05  0.65  0.03  0.01
   0.03  0.03]
 [ 0.01  0.02  0.05  0.17  0.04  0.01  0.05  0.03  0.14  0.18  0.2   0.01
   0.05  0.03]
 [ 0.01  0.01  0.02  0.04  0.01  0.    0.03  0.04  0.05  0.31  0.02  0.05
   0.3   0.1 ]
 [ 0.02  0.    0.    0.01  0.    0.    0.01  0.01  0.    0.06  0.    0.01
   0.82  0.04]
 [ 0.    0.01  0.01  0.01  0.03  0.08  0.01  0.01  0.02  0.01  0.    0.01
   0.12  0.67]]
File:0
[296  78  68 360 371  31 156 126 433 632 192  70 131 245]   pred: 9   true: 4
File:1
[ 25  88  55 794 135  17 130  92 373 184  53  65 128 132]   pred: 3   true: 3
File:2
[ 10 126 195 128 129  96 912  13  85 189  26   5 174  17]   pred: 6   true: 6
File:3
[  51   73   63   82   86   14  163  127  146 2026   92   21   90   79]   pred: 9   true: 9
File:4
[ 222  135  202  280  159   84  210  237 1606  932  105   87  363  232]   pred: 8   true: 8
File:5
[ 36  62 131 445 113  25 137  69 366 485 538  15 124  80]   pred: 10   true: 10
File:6
[1060   19    5   14   22    8   27   25   32  228   22   52   46   37]   pred: 0   true: 0
File:7
[261  52 145 183 130  22 136 590 511 483  35  96 265 189]   pred: 7   true: 7
File:8
[ 61  36   7  29  10  98  54  46 146 227  24  29  31  15]   pred: 9   true: 5
File:9
[  86  134  267  195  132  442  120  215  514 1313  151   75  227  247]   pred: 9   true: 2
File:10
[ 41 233 109 307 152  45  81  71 384 523 200   7  48  72]   pred: 9   true: 1
File:11
[ 14   0   4  11   1   1  12  10   2  52   4   7 712  37]   pred: 12   true: 12
File:12
[  0   2   2   3   8  19   3   2   5   2   0   2  26 154]   pred: 13   true: 13
File:13
[ 14  18  28  53  14   5  46  51  69 420  31  73 405 143]   pred: 9   true: 11

Document ACC
Doc ACC: 9
Doc ACC: 0.642857142857 (norm)
precision recall fscore support
class 0: (0.58333333333333337, 0.6428571428571429, 0.59183673469387743, None)
class 1: (0.58333333333333337, 0.6428571428571429, 0.59183673469387743, None)
class 2: (0.58333333333333337, 0.6428571428571429, 0.59183673469387743, None)
class 3: (0.58333333333333337, 0.6428571428571429, 0.59183673469387743, None)
class 4: (0.58333333333333337, 0.6428571428571429, 0.59183673469387743, None)
class 5: (0.58333333333333337, 0.6428571428571429, 0.59183673469387743, None)
class 6: (0.58333333333333337, 0.6428571428571429, 0.59183673469387743, None)
class 7: (0.58333333333333337, 0.6428571428571429, 0.59183673469387743, None)
class 8: (0.58333333333333337, 0.6428571428571429, 0.59183673469387743, None)
class 9: (0.58333333333333337, 0.6428571428571429, 0.59183673469387743, None)
class 10: (0.58333333333333337, 0.6428571428571429, 0.59183673469387743, None)
class 11: (0.58333333333333337, 0.6428571428571429, 0.59183673469387743, None)
class 12: (0.58333333333333337, 0.6428571428571429, 0.59183673469387743, None)
class 13: (0.58333333333333337, 0.6428571428571429, 0.59183673469387743, None)
avg : (0.58333333333333337, 0.6428571428571429, 0.59183673469387743, None)===== Filter Size: 100
===== L2 Norm: 0.1
===== Drop Out: 0.75


===== Filter Size: 100
===== L2 Norm: 0.1
===== Drop Out: 0.75


./runs/300d_glove_probI_ba/1474304074/checkpoints/model-2000
Test for prob: I
Total number of test examples: 32536
ACC	0.28672854684
MSE	20.6661236784
Confusion matrix 
[[1035   68    7   23   15    2   23   33   12  178   39   69   21   73]
 [  39  562  148  474   81   29   69   45  169  344  198    3   25   88]
 [ 107  579  589  289  135  426  137  235  146  750  181   48  111  386]
 [  11  310   75 1165   58    2  100   83   67   83   39   47   47  185]
 [ 223  304   85  683  340    6  140  138  167  504  185   69   44  302]
 [  36  147   18   36   12   82   54   48  107  168   52   20   19   15]
 [  12  229  262  128  202   84  871   15   52   91   31    5   99   25]
 [ 288  278  280  441  114    0  138  620  148  284   43  122  106  237]
 [ 267  640  375  627  170   23  242  297  741  579  188   99  196  411]
 [  36  213  143  119   81   12  240  115   73 1756  120   20   73  113]
 [  17  202  167  687  102   36  161   57  131  254  649   11   51  102]
 [   8  104   95  127   14    1   81   33   20  325   47   95  268  153]
 [   9    9    6   12    4    0   17   18    2   43   22   17  639   70]
 [   0    5    0    7   10   13    2    3    0    2    0    1    1  185]]
Normalized confusion matrix
[[  6.48e-01   4.26e-02   4.38e-03   1.44e-02   9.39e-03   1.25e-03
    1.44e-02   2.07e-02   7.51e-03   1.11e-01   2.44e-02   4.32e-02
    1.31e-02   4.57e-02]
 [  1.72e-02   2.47e-01   6.51e-02   2.08e-01   3.56e-02   1.28e-02
    3.03e-02   1.98e-02   7.43e-02   1.51e-01   8.71e-02   1.32e-03
    1.10e-02   3.87e-02]
 [  2.60e-02   1.41e-01   1.43e-01   7.02e-02   3.28e-02   1.03e-01
    3.33e-02   5.71e-02   3.54e-02   1.82e-01   4.39e-02   1.17e-02
    2.69e-02   9.37e-02]
 [  4.84e-03   1.36e-01   3.30e-02   5.13e-01   2.55e-02   8.80e-04
    4.40e-02   3.65e-02   2.95e-02   3.65e-02   1.72e-02   2.07e-02
    2.07e-02   8.14e-02]
 [  6.99e-02   9.53e-02   2.66e-02   2.14e-01   1.07e-01   1.88e-03
    4.39e-02   4.33e-02   5.24e-02   1.58e-01   5.80e-02   2.16e-02
    1.38e-02   9.47e-02]
 [  4.42e-02   1.81e-01   2.21e-02   4.42e-02   1.47e-02   1.01e-01
    6.63e-02   5.90e-02   1.31e-01   2.06e-01   6.39e-02   2.46e-02
    2.33e-02   1.84e-02]
 [  5.70e-03   1.09e-01   1.24e-01   6.08e-02   9.59e-02   3.99e-02
    4.14e-01   7.12e-03   2.47e-02   4.32e-02   1.47e-02   2.37e-03
    4.70e-02   1.19e-02]
 [  9.29e-02   8.97e-02   9.04e-02   1.42e-01   3.68e-02   0.00e+00
    4.45e-02   2.00e-01   4.78e-02   9.16e-02   1.39e-02   3.94e-02
    3.42e-02   7.65e-02]
 [  5.50e-02   1.32e-01   7.72e-02   1.29e-01   3.50e-02   4.74e-03
    4.98e-02   6.12e-02   1.53e-01   1.19e-01   3.87e-02   2.04e-02
    4.04e-02   8.47e-02]
 [  1.16e-02   6.84e-02   4.59e-02   3.82e-02   2.60e-02   3.85e-03
    7.71e-02   3.69e-02   2.34e-02   5.64e-01   3.85e-02   6.42e-03
    2.34e-02   3.63e-02]
 [  6.47e-03   7.69e-02   6.36e-02   2.62e-01   3.88e-02   1.37e-02
    6.13e-02   2.17e-02   4.99e-02   9.67e-02   2.47e-01   4.19e-03
    1.94e-02   3.88e-02]
 [  5.84e-03   7.59e-02   6.93e-02   9.26e-02   1.02e-02   7.29e-04
    5.91e-02   2.41e-02   1.46e-02   2.37e-01   3.43e-02   6.93e-02
    1.95e-01   1.12e-01]
 [  1.04e-02   1.04e-02   6.91e-03   1.38e-02   4.61e-03   0.00e+00
    1.96e-02   2.07e-02   2.30e-03   4.95e-02   2.53e-02   1.96e-02
    7.36e-01   8.06e-02]
 [  0.00e+00   2.18e-02   0.00e+00   3.06e-02   4.37e-02   5.68e-02
    8.73e-03   1.31e-02   0.00e+00   8.73e-03   0.00e+00   4.37e-03
    4.37e-03   8.08e-01]]
File:0
[223 304  85 683 340   6 140 138 167 504 185  69  44 301]   pred: 3   true: 4
File:1
[  11  310   75 1165   58    2  100   83   67   82   39   47   47  185]   pred: 3   true: 3
File:2
[ 12 229 262 128 202  83 871  15  52  91  31   5  99  25]   pred: 6   true: 6
File:3
[  36  213  143  119   81   12  240  115   73 1755  120   20   73  113]   pred: 9   true: 9
File:4
[267 640 375 627 170  23 242 297 740 579 188  99 196 411]   pred: 8   true: 8
File:5
[ 17 202 167 686 102  36 161  57 131 254 649  11  51 102]   pred: 3   true: 10
File:6
[1034   68    7   23   15    2   23   33   12  178   39   69   21   73]   pred: 0   true: 0
File:7
[288 278 280 441 114   0 138 620 147 284  43 122 106 237]   pred: 7   true: 7
File:8
[ 36 146  18  36  12  82  54  48 107 168  52  20  19  15]   pred: 9   true: 5
File:9
[107 579 589 289 135 426 137 235 146 749 181  48 111 386]   pred: 9   true: 2
File:10
[ 39 562 148 474  81  29  69  45 169 343 198   3  25  88]   pred: 1   true: 1
File:11
[  9   9   6  12   4   0  17  18   2  43  22  17 638  70]   pred: 12   true: 12
File:12
[  0   5   0   7  10  13   2   3   0   2   0   1   1 184]   pred: 13   true: 13
File:13
[  8 103  95 127  14   1  81  33  20 325  47  95 268 153]   pred: 9   true: 11

Document ACC
Doc ACC: 9
Doc ACC: 0.642857142857 (norm)
precision recall fscore support
class 0: (0.54166666666666674, 0.6428571428571429, 0.56428571428571428, None)
class 1: (0.54166666666666674, 0.6428571428571429, 0.56428571428571428, None)
class 2: (0.54166666666666674, 0.6428571428571429, 0.56428571428571428, None)
class 3: (0.54166666666666674, 0.6428571428571429, 0.56428571428571428, None)
class 4: (0.54166666666666674, 0.6428571428571429, 0.56428571428571428, None)
class 5: (0.54166666666666674, 0.6428571428571429, 0.56428571428571428, None)
class 6: (0.54166666666666674, 0.6428571428571429, 0.56428571428571428, None)
class 7: (0.54166666666666674, 0.6428571428571429, 0.56428571428571428, None)
class 8: (0.54166666666666674, 0.6428571428571429, 0.56428571428571428, None)
class 9: (0.54166666666666674, 0.6428571428571429, 0.56428571428571428, None)
class 10: (0.54166666666666674, 0.6428571428571429, 0.56428571428571428, None)
class 11: (0.54166666666666674, 0.6428571428571429, 0.56428571428571428, None)
class 12: (0.54166666666666674, 0.6428571428571429, 0.56428571428571428, None)
class 13: (0.54166666666666674, 0.6428571428571429, 0.56428571428571428, None)
avg : (0.54166666666666674, 0.6428571428571429, 0.56428571428571428, None)


./runs/300d_glove_probI_ba/1474304074/checkpoints/model-2250
Test for prob: I
Total number of test examples: 32536
ACC	0.297823948857
MSE	19.3164802065
Confusion matrix 
[[1016   18   11    5   35    5   22   23   44  208   63   69   50   29]
 [  30  199  194  158  250   48   90   44  439  435  256   13   72   46]
 [ 107  128  528   43  254  509  106  185  483  925  275   75  233  268]
 [   7   73  137  436  341   19  172   57  433  150   89   64  163  131]
 [ 232   68  149  145  730   37  124  123  391  522  236   83  160  190]
 [  35   46   17    7   25  125   32   42  144  195   72   19   49    6]
 [   7  141  281   38  258  163  763    9   87  155   33    4  158    9]
 [ 248   51  256   89  252   15  144  512  525  354   75  138  320  120]
 [ 171   91  386   91  358   62  226  204 1683  678  206   93  400  206]
 [  27   58  120   28  116   37  162  109  135 1981  133   30  125   53]
 [  16   51  182  208  253   48  197   60  262  386  753   15  127   69]
 [   6   11   67   23   23    7   43   24   72  383   51  106  473   82]
 [   6    3    5    1    3    1   16    8    6   51   20   18  712   18]
 [   1    1    1    1   19   32    2    8    4    2    0    1   11  146]]
Normalized confusion matrix
[[ 0.64  0.01  0.01  0.    0.02  0.    0.01  0.01  0.03  0.13  0.04  0.04
   0.03  0.02]
 [ 0.01  0.09  0.09  0.07  0.11  0.02  0.04  0.02  0.19  0.19  0.11  0.01
   0.03  0.02]
 [ 0.03  0.03  0.13  0.01  0.06  0.12  0.03  0.04  0.12  0.22  0.07  0.02
   0.06  0.07]
 [ 0.    0.03  0.06  0.19  0.15  0.01  0.08  0.03  0.19  0.07  0.04  0.03
   0.07  0.06]
 [ 0.07  0.02  0.05  0.05  0.23  0.01  0.04  0.04  0.12  0.16  0.07  0.03
   0.05  0.06]
 [ 0.04  0.06  0.02  0.01  0.03  0.15  0.04  0.05  0.18  0.24  0.09  0.02
   0.06  0.01]
 [ 0.    0.07  0.13  0.02  0.12  0.08  0.36  0.    0.04  0.07  0.02  0.
   0.08  0.  ]
 [ 0.08  0.02  0.08  0.03  0.08  0.    0.05  0.17  0.17  0.11  0.02  0.04
   0.1   0.04]
 [ 0.04  0.02  0.08  0.02  0.07  0.01  0.05  0.04  0.35  0.14  0.04  0.02
   0.08  0.04]
 [ 0.01  0.02  0.04  0.01  0.04  0.01  0.05  0.04  0.04  0.64  0.04  0.01
   0.04  0.02]
 [ 0.01  0.02  0.07  0.08  0.1   0.02  0.07  0.02  0.1   0.15  0.29  0.01
   0.05  0.03]
 [ 0.    0.01  0.05  0.02  0.02  0.01  0.03  0.02  0.05  0.28  0.04  0.08
   0.35  0.06]
 [ 0.01  0.    0.01  0.    0.    0.    0.02  0.01  0.01  0.06  0.02  0.02
   0.82  0.02]
 [ 0.    0.    0.    0.    0.08  0.14  0.01  0.03  0.02  0.01  0.    0.
   0.05  0.64]]
File:0
[232  68 148 145 730  37 124 123 391 522 236  83 160 190]   pred: 4   true: 4
File:1
[  7  73 137 436 341  19 172  57 433 149  89  64 163 131]   pred: 3   true: 3
File:2
[  7 141 281  38 258 162 763   9  87 155  33   4 158   9]   pred: 6   true: 6
File:3
[  27   58  120   28  116   37  162  109  135 1980  133   30  125   53]   pred: 9   true: 9
File:4
[ 171   91  386   91  358   62  226  204 1682  678  206   93  400  206]   pred: 8   true: 8
File:5
[ 16  51 182 208 253  48 197  60 262 386 753  15 126  69]   pred: 10   true: 10
File:6
[1015   18   11    5   35    5   22   23   44  208   63   69   50   29]   pred: 0   true: 0
File:7
[248  51 256  89 252  15 144 512 524 354  75 138 320 120]   pred: 8   true: 7
File:8
[ 35  46  17   7  25 125  32  42 144 194  72  19  49   6]   pred: 9   true: 5
File:9
[107 128 528  43 254 509 106 185 483 924 275  75 233 268]   pred: 9   true: 2
File:10
[ 30 199 194 158 250  48  90  44 439 434 256  13  72  46]   pred: 8   true: 1
File:11
[  6   3   5   1   3   1  16   8   6  51  20  18 711  18]   pred: 12   true: 12
File:12
[  1   1   1   1  19  32   2   8   4   2   0   1  10 146]   pred: 13   true: 13
File:13
[  6  10  67  23  23   7  43  24  72 383  51 106 473  82]   pred: 12   true: 11

Document ACC
Doc ACC: 9
Doc ACC: 0.642857142857 (norm)
precision recall fscore support
class 0: (0.51190476190476186, 0.6428571428571429, 0.54761904761904767, None)
class 1: (0.51190476190476186, 0.6428571428571429, 0.54761904761904767, None)
class 2: (0.51190476190476186, 0.6428571428571429, 0.54761904761904767, None)
class 3: (0.51190476190476186, 0.6428571428571429, 0.54761904761904767, None)
class 4: (0.51190476190476186, 0.6428571428571429, 0.54761904761904767, None)
class 5: (0.51190476190476186, 0.6428571428571429, 0.54761904761904767, None)
class 6: (0.51190476190476186, 0.6428571428571429, 0.54761904761904767, None)
class 7: (0.51190476190476186, 0.6428571428571429, 0.54761904761904767, None)
class 8: (0.51190476190476186, 0.6428571428571429, 0.54761904761904767, None)
class 9: (0.51190476190476186, 0.6428571428571429, 0.54761904761904767, None)
class 10: (0.51190476190476186, 0.6428571428571429, 0.54761904761904767, None)
class 11: (0.51190476190476186, 0.6428571428571429, 0.54761904761904767, None)
class 12: (0.51190476190476186, 0.6428571428571429, 0.54761904761904767, None)
class 13: (0.51190476190476186, 0.6428571428571429, 0.54761904761904767, None)
avg : (0.51190476190476186, 0.6428571428571429, 0.54761904761904767, None)


./runs/300d_glove_probI_ba/1474304074/checkpoints/model-2500
Test for prob: I
Total number of test examples: 32536
ACC	0.301481435948
MSE	18.9181829358
Confusion matrix 
[[1009   59    6    4   24    2   43   50   27  129   63  110   40   32]
 [  32  505  140  164  162   27  131  125  282  252  324   22   50   58]
 [ 102  600  514   61  231  378  231  399  274  478  282  122  191  256]
 [  10  298   31  423  217    6  325  194  282   63   83  111  119  110]
 [ 205  235   74  154  582   14  276  300  264  318  310  161  118  179]
 [  32  104   10   10   21   89   82   81  128   99   71   47   33    7]
 [   6  218  184   40  266   98  937   24   52   77   50    7  138    9]
 [ 161  182  160   61  182    2  251 1018  267  200   87  214  212  102]
 [ 172  440  226  111  245   37  444  538 1270  435  217  207  331  182]
 [  32  216   98   40  121   23  272  167  133 1558  202   56  119   77]
 [  11  176  141  267  176   17  325   88  135  214  872   34  108   63]
 [   7   96   50   23   20    4   88   63   28  259   69  182  410   72]
 [   5   13    4    4    3    1   20   18    3   28   22   36  690   21]
 [   0    6    0    1   22   10    2   14    3    2    0    4    5  160]]
Normalized confusion matrix
[[  6.31e-01   3.69e-02   3.75e-03   2.50e-03   1.50e-02   1.25e-03
    2.69e-02   3.13e-02   1.69e-02   8.07e-02   3.94e-02   6.88e-02
    2.50e-02   2.00e-02]
 [  1.41e-02   2.22e-01   6.16e-02   7.21e-02   7.12e-02   1.19e-02
    5.76e-02   5.50e-02   1.24e-01   1.11e-01   1.42e-01   9.67e-03
    2.20e-02   2.55e-02]
 [  2.48e-02   1.46e-01   1.25e-01   1.48e-02   5.61e-02   9.18e-02
    5.61e-02   9.69e-02   6.65e-02   1.16e-01   6.85e-02   2.96e-02
    4.64e-02   6.22e-02]
 [  4.40e-03   1.31e-01   1.36e-02   1.86e-01   9.55e-02   2.64e-03
    1.43e-01   8.54e-02   1.24e-01   2.77e-02   3.65e-02   4.89e-02
    5.24e-02   4.84e-02]
 [  6.43e-02   7.37e-02   2.32e-02   4.83e-02   1.82e-01   4.39e-03
    8.65e-02   9.40e-02   8.28e-02   9.97e-02   9.72e-02   5.05e-02
    3.70e-02   5.61e-02]
 [  3.93e-02   1.28e-01   1.23e-02   1.23e-02   2.58e-02   1.09e-01
    1.01e-01   9.95e-02   1.57e-01   1.22e-01   8.72e-02   5.77e-02
    4.05e-02   8.60e-03]
 [  2.85e-03   1.04e-01   8.74e-02   1.90e-02   1.26e-01   4.65e-02
    4.45e-01   1.14e-02   2.47e-02   3.66e-02   2.37e-02   3.32e-03
    6.55e-02   4.27e-03]
 [  5.20e-02   5.87e-02   5.16e-02   1.97e-02   5.87e-02   6.45e-04
    8.10e-02   3.28e-01   8.62e-02   6.45e-02   2.81e-02   6.91e-02
    6.84e-02   3.29e-02]
 [  3.54e-02   9.06e-02   4.65e-02   2.29e-02   5.05e-02   7.62e-03
    9.15e-02   1.11e-01   2.62e-01   8.96e-02   4.47e-02   4.26e-02
    6.82e-02   3.75e-02]
 [  1.03e-02   6.94e-02   3.15e-02   1.28e-02   3.89e-02   7.39e-03
    8.73e-02   5.36e-02   4.27e-02   5.00e-01   6.49e-02   1.80e-02
    3.82e-02   2.47e-02]
 [  4.19e-03   6.70e-02   5.37e-02   1.02e-01   6.70e-02   6.47e-03
    1.24e-01   3.35e-02   5.14e-02   8.15e-02   3.32e-01   1.29e-02
    4.11e-02   2.40e-02]
 [  5.11e-03   7.00e-02   3.65e-02   1.68e-02   1.46e-02   2.92e-03
    6.42e-02   4.60e-02   2.04e-02   1.89e-01   5.03e-02   1.33e-01
    2.99e-01   5.25e-02]
 [  5.76e-03   1.50e-02   4.61e-03   4.61e-03   3.46e-03   1.15e-03
    2.30e-02   2.07e-02   3.46e-03   3.23e-02   2.53e-02   4.15e-02
    7.95e-01   2.42e-02]
 [  0.00e+00   2.62e-02   0.00e+00   4.37e-03   9.61e-02   4.37e-02
    8.73e-03   6.11e-02   1.31e-02   8.73e-03   0.00e+00   1.75e-02
    2.18e-02   6.99e-01]]
File:0
[205 235  74 154 582  14 276 300 264 318 310 161 118 178]   pred: 4   true: 4
File:1
[ 10 298  31 423 217   6 325 194 282  62  83 111 119 110]   pred: 3   true: 3
File:2
[  6 218 184  40 266  97 937  24  52  77  50   7 138   9]   pred: 6   true: 6
File:3
[  32  216   98   40  121   23  272  167  133 1557  202   56  119   77]   pred: 9   true: 9
File:4
[ 172  440  226  111  245   37  444  538 1270  435  217  207  330  182]   pred: 8   true: 8
File:5
[ 11 176 141 267 176  17 325  88 135 214 872  34 107  63]   pred: 10   true: 10
File:6
[1008   59    6    4   24    2   43   50   27  129   63  110   40   32]   pred: 0   true: 0
File:7
[ 161  182  160   61  182    2  251 1018  266  200   87  214  212  102]   pred: 7   true: 7
File:8
[ 32 104  10  10  21  89  82  81 128  99  71  46  33   7]   pred: 8   true: 5
File:9
[102 600 514  61 231 378 231 399 274 477 282 122 191 256]   pred: 1   true: 2
File:10
[ 32 505 140 164 162  27 131 124 282 252 324  22  50  58]   pred: 1   true: 1
File:11
[  5  13   4   4   3   1  20  18   3  28  22  36 689  21]   pred: 12   true: 12
File:12
[  0   6   0   1  22  10   2  14   3   2   0   4   4 160]   pred: 13   true: 13
File:13
[  7  95  50  23  20   4  88  63  28 259  69 182 410  72]   pred: 12   true: 11

Document ACC
Doc ACC: 11
Doc ACC: 0.785714285714 (norm)
precision recall fscore support
class 0: (0.6785714285714286, 0.7857142857142857, 0.71428571428571419, None)
class 1: (0.6785714285714286, 0.7857142857142857, 0.71428571428571419, None)
class 2: (0.6785714285714286, 0.7857142857142857, 0.71428571428571419, None)
class 3: (0.6785714285714286, 0.7857142857142857, 0.71428571428571419, None)
class 4: (0.6785714285714286, 0.7857142857142857, 0.71428571428571419, None)
class 5: (0.6785714285714286, 0.7857142857142857, 0.71428571428571419, None)
class 6: (0.6785714285714286, 0.7857142857142857, 0.71428571428571419, None)
class 7: (0.6785714285714286, 0.7857142857142857, 0.71428571428571419, None)
class 8: (0.6785714285714286, 0.7857142857142857, 0.71428571428571419, None)
class 9: (0.6785714285714286, 0.7857142857142857, 0.71428571428571419, None)
class 10: (0.6785714285714286, 0.7857142857142857, 0.71428571428571419, None)
class 11: (0.6785714285714286, 0.7857142857142857, 0.71428571428571419, None)
class 12: (0.6785714285714286, 0.7857142857142857, 0.71428571428571419, None)
class 13: (0.6785714285714286, 0.7857142857142857, 0.71428571428571419, None)
avg : (0.6785714285714286, 0.7857142857142857, 0.71428571428571419, None)


./runs/300d_glove_probI_ba/1474304074/checkpoints/model-2750
Test for prob: I
Total number of test examples: 32536
ACC	0.279813130071
MSE	21.291553971
Confusion matrix 
[[1183   45    9   14   12    2   20   36    9  131   33   52   30   22]
 [ 120  583  295  340   86   10   43  113  102  239  236   12   62   33]
 [ 359  694  880  221   79  215   83  356   72  565  200   73  177  145]
 [  77  341  187  873   68    2  122  169   44   66   51   67  133   72]
 [ 499  311  260  399  353    5  120  245  102  323  218   81  131  143]
 [ 132  131   63   25   13   52   32   63  103  102   34   28   36    0]
 [  39  217  571  113   69   20  719   29   23   87   34    3  172   10]
 [ 527  271  271  220  101    2  114  867   62  174   60  129  237   64]
 [ 838  579  634  357  123   15  170  507  422  395  173  122  398  122]
 [ 146  284  169  103   65   10  132  191   64 1550  167   36  143   54]
 [  87  228  289  646   94    4   90   81   61  198  664   16  128   41]
 [  39  129  132   64    8    1   28   45    9  255   48  129  420   64]
 [  32   17    9    8    2    1    7   14    0   26    9   26  701   16]
 [   1   13   26    6    8    2    3   15    1    2    0    2   22  128]]
Normalized confusion matrix
[[  7.40e-01   2.82e-02   5.63e-03   8.76e-03   7.51e-03   1.25e-03
    1.25e-02   2.25e-02   5.63e-03   8.20e-02   2.07e-02   3.25e-02
    1.88e-02   1.38e-02]
 [  5.28e-02   2.56e-01   1.30e-01   1.50e-01   3.78e-02   4.40e-03
    1.89e-02   4.97e-02   4.49e-02   1.05e-01   1.04e-01   5.28e-03
    2.73e-02   1.45e-02]
 [  8.72e-02   1.68e-01   2.14e-01   5.37e-02   1.92e-02   5.22e-02
    2.02e-02   8.64e-02   1.75e-02   1.37e-01   4.86e-02   1.77e-02
    4.30e-02   3.52e-02]
 [  3.39e-02   1.50e-01   8.23e-02   3.84e-01   2.99e-02   8.80e-04
    5.37e-02   7.44e-02   1.94e-02   2.90e-02   2.24e-02   2.95e-02
    5.85e-02   3.17e-02]
 [  1.56e-01   9.75e-02   8.15e-02   1.25e-01   1.11e-01   1.57e-03
    3.76e-02   7.68e-02   3.20e-02   1.01e-01   6.83e-02   2.54e-02
    4.11e-02   4.48e-02]
 [  1.62e-01   1.61e-01   7.74e-02   3.07e-02   1.60e-02   6.39e-02
    3.93e-02   7.74e-02   1.27e-01   1.25e-01   4.18e-02   3.44e-02
    4.42e-02   0.00e+00]
 [  1.85e-02   1.03e-01   2.71e-01   5.37e-02   3.28e-02   9.50e-03
    3.41e-01   1.38e-02   1.09e-02   4.13e-02   1.61e-02   1.42e-03
    8.17e-02   4.75e-03]
 [  1.70e-01   8.74e-02   8.74e-02   7.10e-02   3.26e-02   6.45e-04
    3.68e-02   2.80e-01   2.00e-02   5.61e-02   1.94e-02   4.16e-02
    7.65e-02   2.07e-02]
 [  1.73e-01   1.19e-01   1.31e-01   7.35e-02   2.53e-02   3.09e-03
    3.50e-02   1.04e-01   8.69e-02   8.14e-02   3.56e-02   2.51e-02
    8.20e-02   2.51e-02]
 [  4.69e-02   9.12e-02   5.43e-02   3.31e-02   2.09e-02   3.21e-03
    4.24e-02   6.13e-02   2.06e-02   4.98e-01   5.36e-02   1.16e-02
    4.59e-02   1.73e-02]
 [  3.31e-02   8.68e-02   1.10e-01   2.46e-01   3.58e-02   1.52e-03
    3.43e-02   3.08e-02   2.32e-02   7.54e-02   2.53e-01   6.09e-03
    4.87e-02   1.56e-02]
 [  2.84e-02   9.41e-02   9.63e-02   4.67e-02   5.84e-03   7.29e-04
    2.04e-02   3.28e-02   6.56e-03   1.86e-01   3.50e-02   9.41e-02
    3.06e-01   4.67e-02]
 [  3.69e-02   1.96e-02   1.04e-02   9.22e-03   2.30e-03   1.15e-03
    8.06e-03   1.61e-02   0.00e+00   3.00e-02   1.04e-02   3.00e-02
    8.08e-01   1.84e-02]
 [  4.37e-03   5.68e-02   1.14e-01   2.62e-02   3.49e-02   8.73e-03
    1.31e-02   6.55e-02   4.37e-03   8.73e-03   0.00e+00   8.73e-03
    9.61e-02   5.59e-01]]
File:0
[499 311 259 399 353   5 120 245 102 323 218  81 131 143]   pred: 0   true: 4
File:1
[ 77 341 187 873  68   2 122 169  44  65  51  67 133  72]   pred: 3   true: 3
File:2
[ 39 217 570 113  69  20 719  29  23  87  34   3 172  10]   pred: 6   true: 6
File:3
[ 146  284  169  103   65   10  132  191   64 1549  167   36  143   54]   pred: 9   true: 9
File:4
[838 579 634 357 123  15 170 507 422 395 173 122 398 121]   pred: 0   true: 8
File:5
[ 87 228 289 645  94   4  90  81  61 198 664  16 128  41]   pred: 10   true: 10
File:6
[1182   45    9   14   12    2   20   36    9  131   33   52   30   22]   pred: 0   true: 0
File:7
[527 271 271 220 101   2 114 867  61 174  60 129 237  64]   pred: 7   true: 7
File:8
[131 131  63  25  13  52  32  63 103 102  34  28  36]   pred: 0   true: 5
File:9
[359 694 880 221  79 215  83 356  72 564 200  73 177 145]   pred: 2   true: 2
File:10
[120 583 295 340  86  10  43 112 102 239 236  12  62  33]   pred: 1   true: 1
File:11
[ 32  17   9   8   2   1   7  14   0  26   9  26 700  16]   pred: 12   true: 12
File:12
[  1  13  26   6   8   2   3  15   1   2   0   2  21 128]   pred: 13   true: 13
File:13
[ 39 128 132  64   8   1  28  45   9 255  48 129 420  64]   pred: 12   true: 11

Document ACC
Doc ACC: 10
Doc ACC: 0.714285714286 (norm)
precision recall fscore support
class 0: (0.625, 0.7142857142857143, 0.64761904761904765, None)
class 1: (0.625, 0.7142857142857143, 0.64761904761904765, None)
class 2: (0.625, 0.7142857142857143, 0.64761904761904765, None)
class 3: (0.625, 0.7142857142857143, 0.64761904761904765, None)
class 4: (0.625, 0.7142857142857143, 0.64761904761904765, None)
class 5: (0.625, 0.7142857142857143, 0.64761904761904765, None)
class 6: (0.625, 0.7142857142857143, 0.64761904761904765, None)
class 7: (0.625, 0.7142857142857143, 0.64761904761904765, None)
class 8: (0.625, 0.7142857142857143, 0.64761904761904765, None)
class 9: (0.625, 0.7142857142857143, 0.64761904761904765, None)
class 10: (0.625, 0.7142857142857143, 0.64761904761904765, None)
class 11: (0.625, 0.7142857142857143, 0.64761904761904765, None)
class 12: (0.625, 0.7142857142857143, 0.64761904761904765, None)
class 13: (0.625, 0.7142857142857143, 0.64761904761904765, None)
avg : (0.625, 0.7142857142857143, 0.64761904761904765, None)


./runs/300d_glove_probI_ba/1474304074/checkpoints/model-3000
Test for prob: I
Total number of test examples: 32536
ACC	0.271115072535
MSE	21.0965699533
Confusion matrix 
[[1078   54    4   16   27    4   23   23    8  125   44   95   30   67]
 [  40  387  110  588  192   28   53   55   88  243  334   31   37   88]
 [ 161  698  239  345  281  336  127  306   75  548  281  163  150  409]
 [  25  193   33 1146  174    3  115   83   45   63   67  105   64  156]
 [ 279  193   58  612  602    7  127  110  101  306  268  140   73  314]
 [  53  120    6   47   33   75   42   38  108  103   75   55   31   28]
 [  15  209  179  171  319   64  789   28   26   75   45   16  139   31]
 [ 268  224   79  405  225    5  147  664   87  197   93  297  149  259]
 [ 332  510  192  665  331   30  250  345  497  456  240  303  264  440]
 [  57  234   67  137  128   15  170  153   77 1531  188   64  119  174]
 [  30  137  103  742  196    9   87   66   54  210  764   30   80  119]
 [  11   97   39  116   27    1   60   35    7  242   57  211  321  147]
 [  10   11    6   13    6    1   12   10    0   20   20   43  667   49]
 [   0    2    0    6   25    4    2   10    2    2    0    3    2  171]]
Normalized confusion matrix
[[  6.75e-01   3.38e-02   2.50e-03   1.00e-02   1.69e-02   2.50e-03
    1.44e-02   1.44e-02   5.01e-03   7.82e-02   2.75e-02   5.94e-02
    1.88e-02   4.19e-02]
 [  1.76e-02   1.70e-01   4.84e-02   2.59e-01   8.44e-02   1.23e-02
    2.33e-02   2.42e-02   3.87e-02   1.07e-01   1.47e-01   1.36e-02
    1.63e-02   3.87e-02]
 [  3.91e-02   1.69e-01   5.80e-02   8.38e-02   6.82e-02   8.16e-02
    3.08e-02   7.43e-02   1.82e-02   1.33e-01   6.82e-02   3.96e-02
    3.64e-02   9.93e-02]
 [  1.10e-02   8.49e-02   1.45e-02   5.04e-01   7.66e-02   1.32e-03
    5.06e-02   3.65e-02   1.98e-02   2.77e-02   2.95e-02   4.62e-02
    2.82e-02   6.87e-02]
 [  8.75e-02   6.05e-02   1.82e-02   1.92e-01   1.89e-01   2.19e-03
    3.98e-02   3.45e-02   3.17e-02   9.59e-02   8.40e-02   4.39e-02
    2.29e-02   9.84e-02]
 [  6.51e-02   1.47e-01   7.37e-03   5.77e-02   4.05e-02   9.21e-02
    5.16e-02   4.67e-02   1.33e-01   1.27e-01   9.21e-02   6.76e-02
    3.81e-02   3.44e-02]
 [  7.12e-03   9.92e-02   8.50e-02   8.12e-02   1.51e-01   3.04e-02
    3.75e-01   1.33e-02   1.23e-02   3.56e-02   2.14e-02   7.60e-03
    6.60e-02   1.47e-02]
 [  8.65e-02   7.23e-02   2.55e-02   1.31e-01   7.26e-02   1.61e-03
    4.74e-02   2.14e-01   2.81e-02   6.36e-02   3.00e-02   9.58e-02
    4.81e-02   8.36e-02]
 [  6.84e-02   1.05e-01   3.95e-02   1.37e-01   6.82e-02   6.18e-03
    5.15e-02   7.11e-02   1.02e-01   9.39e-02   4.94e-02   6.24e-02
    5.44e-02   9.06e-02]
 [  1.83e-02   7.51e-02   2.15e-02   4.40e-02   4.11e-02   4.82e-03
    5.46e-02   4.91e-02   2.47e-02   4.92e-01   6.04e-02   2.06e-02
    3.82e-02   5.59e-02]
 [  1.14e-02   5.22e-02   3.92e-02   2.82e-01   7.46e-02   3.43e-03
    3.31e-02   2.51e-02   2.06e-02   7.99e-02   2.91e-01   1.14e-02
    3.05e-02   4.53e-02]
 [  8.02e-03   7.08e-02   2.84e-02   8.46e-02   1.97e-02   7.29e-04
    4.38e-02   2.55e-02   5.11e-03   1.77e-01   4.16e-02   1.54e-01
    2.34e-01   1.07e-01]
 [  1.15e-02   1.27e-02   6.91e-03   1.50e-02   6.91e-03   1.15e-03
    1.38e-02   1.15e-02   0.00e+00   2.30e-02   2.30e-02   4.95e-02
    7.68e-01   5.65e-02]
 [  0.00e+00   8.73e-03   0.00e+00   2.62e-02   1.09e-01   1.75e-02
    8.73e-03   4.37e-02   8.73e-03   8.73e-03   0.00e+00   1.31e-02
    8.73e-03   7.47e-01]]
File:0
[279 193  58 612 602   7 127 110 101 306 268 140  73 313]   pred: 3   true: 4
File:1
[  25  193   33 1146  174    3  115   83   45   62   67  105   64  156]   pred: 3   true: 3
File:2
[ 15 209 179 171 319  63 789  28  26  75  45  16 139  31]   pred: 6   true: 6
File:3
[  57  234   67  137  128   15  170  153   77 1530  188   64  119  174]   pred: 9   true: 9
File:4
[332 510 192 665 331  30 250 345 497 456 240 303 264 439]   pred: 3   true: 8
File:5
[ 30 137 103 741 196   9  87  66  54 210 764  30  80 119]   pred: 10   true: 10
File:6
[1077   54    4   16   27    4   23   23    8  125   44   95   30   67]   pred: 0   true: 0
File:7
[268 224  79 405 225   5 147 664  86 197  93 297 149 259]   pred: 7   true: 7
File:8
[ 53 120   6  47  33  75  42  38 108 103  75  54  31  28]   pred: 1   true: 5
File:9
[161 698 239 345 281 336 127 306  75 547 281 163 150 409]   pred: 1   true: 2
File:10
[ 40 387 110 588 192  28  53  55  88 242 334  31  37  88]   pred: 3   true: 1
File:11
[ 10  11   6  13   6   1  12  10   0  20  20  43 666  49]   pred: 12   true: 12
File:12
[  0   2   0   6  25   4   2  10   2   2   0   3   2 170]   pred: 13   true: 13
File:13
[ 11  96  39 116  27   1  60  35   7 242  57 211 321 147]   pred: 12   true: 11

Document ACC
Doc ACC: 8
Doc ACC: 0.571428571429 (norm)
precision recall fscore support
class 0: (0.48214285714285715, 0.5714285714285714, 0.50476190476190486, None)
class 1: (0.48214285714285715, 0.5714285714285714, 0.50476190476190486, None)
class 2: (0.48214285714285715, 0.5714285714285714, 0.50476190476190486, None)
class 3: (0.48214285714285715, 0.5714285714285714, 0.50476190476190486, None)
class 4: (0.48214285714285715, 0.5714285714285714, 0.50476190476190486, None)
class 5: (0.48214285714285715, 0.5714285714285714, 0.50476190476190486, None)
class 6: (0.48214285714285715, 0.5714285714285714, 0.50476190476190486, None)
class 7: (0.48214285714285715, 0.5714285714285714, 0.50476190476190486, None)
class 8: (0.48214285714285715, 0.5714285714285714, 0.50476190476190486, None)
class 9: (0.48214285714285715, 0.5714285714285714, 0.50476190476190486, None)
class 10: (0.48214285714285715, 0.5714285714285714, 0.50476190476190486, None)
class 11: (0.48214285714285715, 0.5714285714285714, 0.50476190476190486, None)
class 12: (0.48214285714285715, 0.5714285714285714, 0.50476190476190486, None)
class 13: (0.48214285714285715, 0.5714285714285714, 0.50476190476190486, None)
avg : (0.48214285714285715, 0.5714285714285714, 0.50476190476190486, None)


./runs/300d_glove_probI_ba/1474304074/checkpoints/model-3250
Test for prob: I
Total number of test examples: 32536
ACC	0.303479223015
MSE	18.2007622326
Confusion matrix 
[[ 997   66   20   13   36    4   22   50   24  220   48   55   18   25]
 [  21  463  263  226  191   34   64   85  210  428  236    4   18   31]
 [  69  420  782  122  196  333  135  312  212 1116  175   55   46  146]
 [   9  274  243  615  247    6  151  162  200  148   54   51   29   83]
 [ 200  236  290  273  670   22  125  191  209  523  210   50   37  154]
 [  17  130   48   17   22   81   41   58  122  216   38   17    6    1]
 [   9  198  394   98  202   59  822   23   45  155   28    5   55   13]
 [ 149  202  417  156  258    5  132  867  223  372   54   91   62  111]
 [ 137  393  700  199  323   33  239  387 1040  883  160   87  105  169]
 [  22  131  189   67  126   10  178  126   88 1969   98   22   39   49]
 [  17  174  314  437  184   11  121   81  125  377  689   14   43   40]
 [   6   57  181   41   22    3   74   52   34  473   38  117  191   82]
 [   5   14   21    7    6    2   12   22    8   70   16   30  617   38]
 [   0    6    6    3   26   20    2    8    3    5    0    2    3  145]]
Normalized confusion matrix
[[ 0.62  0.04  0.01  0.01  0.02  0.    0.01  0.03  0.02  0.14  0.03  0.03
   0.01  0.02]
 [ 0.01  0.2   0.12  0.1   0.08  0.01  0.03  0.04  0.09  0.19  0.1   0.
   0.01  0.01]
 [ 0.02  0.1   0.19  0.03  0.05  0.08  0.03  0.08  0.05  0.27  0.04  0.01
   0.01  0.04]
 [ 0.    0.12  0.11  0.27  0.11  0.    0.07  0.07  0.09  0.07  0.02  0.02
   0.01  0.04]
 [ 0.06  0.07  0.09  0.09  0.21  0.01  0.04  0.06  0.07  0.16  0.07  0.02
   0.01  0.05]
 [ 0.02  0.16  0.06  0.02  0.03  0.1   0.05  0.07  0.15  0.27  0.05  0.02
   0.01  0.  ]
 [ 0.    0.09  0.19  0.05  0.1   0.03  0.39  0.01  0.02  0.07  0.01  0.
   0.03  0.01]
 [ 0.05  0.07  0.13  0.05  0.08  0.    0.04  0.28  0.07  0.12  0.02  0.03
   0.02  0.04]
 [ 0.03  0.08  0.14  0.04  0.07  0.01  0.05  0.08  0.21  0.18  0.03  0.02
   0.02  0.03]
 [ 0.01  0.04  0.06  0.02  0.04  0.    0.06  0.04  0.03  0.63  0.03  0.01
   0.01  0.02]
 [ 0.01  0.07  0.12  0.17  0.07  0.    0.05  0.03  0.05  0.14  0.26  0.01
   0.02  0.02]
 [ 0.    0.04  0.13  0.03  0.02  0.    0.05  0.04  0.02  0.35  0.03  0.09
   0.14  0.06]
 [ 0.01  0.02  0.02  0.01  0.01  0.    0.01  0.03  0.01  0.08  0.02  0.03
   0.71  0.04]
 [ 0.    0.03  0.03  0.01  0.11  0.09  0.01  0.03  0.01  0.02  0.    0.01
   0.01  0.63]]
File:0
[200 236 289 273 670  22 125 191 209 523 210  50  37 154]   pred: 4   true: 4
File:1
[  9 274 243 615 247   6 151 162 200 147  54  51  29  83]   pred: 3   true: 3
File:2
[  9 198 394  98 202  58 822  23  45 155  28   5  55  13]   pred: 6   true: 6
File:3
[  22  131  189   67  126   10  178  126   88 1968   98   22   39   49]   pred: 9   true: 9
File:4
[ 137  393  700  199  323   33  239  387 1040  883  160   87  105  168]   pred: 8   true: 8
File:5
[ 17 174 314 436 184  11 121  81 125 377 689  14  43  40]   pred: 10   true: 10
File:6
[996  66  20  13  36   4  22  50  24 220  48  55  18  25]   pred: 0   true: 0
File:7
[149 202 417 156 258   5 132 867 222 372  54  91  62 111]   pred: 7   true: 7
File:8
[ 17 129  48  17  22  81  41  58 122 216  38  17   6   1]   pred: 9   true: 5
File:9
[  69  420  782  122  196  333  135  312  212 1115  175   55   46  146]   pred: 9   true: 2
File:10
[ 21 463 263 226 191  34  64  85 210 427 236   4  18  31]   pred: 1   true: 1
File:11
[  5  14  21   7   6   2  12  22   8  70  16  30 616  38]   pred: 12   true: 12
File:12
[  0   6   6   3  26  20   2   8   3   5   0   2   3 144]   pred: 13   true: 13
File:13
[  6  56 181  41  22   3  74  52  34 473  38 117 191  82]   pred: 9   true: 11

Document ACC
Doc ACC: 11
Doc ACC: 0.785714285714 (norm)
precision recall fscore support
class 0: (0.7321428571428571, 0.7857142857142857, 0.74285714285714288, None)
class 1: (0.7321428571428571, 0.7857142857142857, 0.74285714285714288, None)
class 2: (0.7321428571428571, 0.7857142857142857, 0.74285714285714288, None)
class 3: (0.7321428571428571, 0.7857142857142857, 0.74285714285714288, None)
class 4: (0.7321428571428571, 0.7857142857142857, 0.74285714285714288, None)
class 5: (0.7321428571428571, 0.7857142857142857, 0.74285714285714288, None)
class 6: (0.7321428571428571, 0.7857142857142857, 0.74285714285714288, None)
class 7: (0.7321428571428571, 0.7857142857142857, 0.74285714285714288, None)
class 8: (0.7321428571428571, 0.7857142857142857, 0.74285714285714288, None)
class 9: (0.7321428571428571, 0.7857142857142857, 0.74285714285714288, None)
class 10: (0.7321428571428571, 0.7857142857142857, 0.74285714285714288, None)
class 11: (0.7321428571428571, 0.7857142857142857, 0.74285714285714288, None)
class 12: (0.7321428571428571, 0.7857142857142857, 0.74285714285714288, None)
class 13: (0.7321428571428571, 0.7857142857142857, 0.74285714285714288, None)
avg : (0.7321428571428571, 0.7857142857142857, 0.74285714285714288, None)


./runs/300d_glove_probI_ba/1474304074/checkpoints/model-3500
Test for prob: I
Total number of test examples: 32536
ACC	0.292014998771
MSE	19.5539095156
Confusion matrix 
[[1051   27    8    7   17    6   28   17   81  173   18   57   78   30]
 [  39  243   88  182  113   44   72   37  741  405  171    4  108   27]
 [ 123  156  204   95   79  454  115  125  925 1093   94   63  433  160]
 [  14   89   42  501   66   16  181   41  803  126   32   48  235   78]
 [ 265   91   68  229  375   35  199   63  715  561  123   53  238  175]
 [  37   41    4   12    5  107   41   16  226  188   15   19   98    5]
 [  12  161  157   81  110  106  905    6  163  126   22    3  244   10]
 [ 218   73   67  115  108   13  166  376  915  373   36  104  456   79]
 [ 157  134  110  124   90   54  189   88 2426  695   68   56  582   82]
 [  44  106   49   63   64   22  168   90  274 1900  100   17  167   50]
 [  33   79   92  329  103   24  162   38  608  364  495   11  236   53]
 [   9   19   11   31   10    5   55    5  117  394   20   55  595   45]
 [   8    1    3    8    0    2   10    6   13   36    3    6  759   13]
 [   1    3    0    1    5   27    2    1   21    4    0    1   59  104]]
Normalized confusion matrix
[[ 0.66  0.02  0.01  0.    0.01  0.    0.02  0.01  0.05  0.11  0.01  0.04
   0.05  0.02]
 [ 0.02  0.11  0.04  0.08  0.05  0.02  0.03  0.02  0.33  0.18  0.08  0.
   0.05  0.01]
 [ 0.03  0.04  0.05  0.02  0.02  0.11  0.03  0.03  0.22  0.27  0.02  0.02
   0.11  0.04]
 [ 0.01  0.04  0.02  0.22  0.03  0.01  0.08  0.02  0.35  0.06  0.01  0.02
   0.1   0.03]
 [ 0.08  0.03  0.02  0.07  0.12  0.01  0.06  0.02  0.22  0.18  0.04  0.02
   0.07  0.05]
 [ 0.05  0.05  0.    0.01  0.01  0.13  0.05  0.02  0.28  0.23  0.02  0.02
   0.12  0.01]
 [ 0.01  0.08  0.07  0.04  0.05  0.05  0.43  0.    0.08  0.06  0.01  0.
   0.12  0.  ]
 [ 0.07  0.02  0.02  0.04  0.03  0.    0.05  0.12  0.3   0.12  0.01  0.03
   0.15  0.03]
 [ 0.03  0.03  0.02  0.03  0.02  0.01  0.04  0.02  0.5   0.14  0.01  0.01
   0.12  0.02]
 [ 0.01  0.03  0.02  0.02  0.02  0.01  0.05  0.03  0.09  0.61  0.03  0.01
   0.05  0.02]
 [ 0.01  0.03  0.04  0.13  0.04  0.01  0.06  0.01  0.23  0.14  0.19  0.
   0.09  0.02]
 [ 0.01  0.01  0.01  0.02  0.01  0.    0.04  0.    0.09  0.29  0.01  0.04
   0.43  0.03]
 [ 0.01  0.    0.    0.01  0.    0.    0.01  0.01  0.01  0.04  0.    0.01
   0.87  0.01]
 [ 0.    0.01  0.    0.    0.02  0.12  0.01  0.    0.09  0.02  0.    0.
   0.26  0.45]]
File:0
[265  91  68 229 375  35 199  63 715 560 123  53 238 175]   pred: 8   true: 4
File:1
[ 14  89  42 501  66  16 181  41 803 125  32  48 235  78]   pred: 8   true: 3
File:2
[ 12 161 157  81 110 105 905   6 163 126  22   3 244  10]   pred: 6   true: 6
File:3
[  44  106   49   63   64   22  168   90  274 1899  100   17  167   50]   pred: 9   true: 9
File:4
[ 157  134  110  124   90   54  189   88 2426  695   68   56  582   81]   pred: 8   true: 8
File:5
[ 33  79  92 328 103  24 162  38 608 364 495  11 236  53]   pred: 8   true: 10
File:6
[1050   27    8    7   17    6   28   17   81  173   18   57   78   30]   pred: 0   true: 0
File:7
[218  73  67 115 108  13 166 376 914 373  36 104 456  79]   pred: 8   true: 7
File:8
[ 37  41   4  12   5 107  41  16 226 188  15  19  97   5]   pred: 8   true: 5
File:9
[ 123  156  204   95   79  454  115  125  925 1092   94   63  433  160]   pred: 9   true: 2
File:10
[ 39 243  88 182 113  44  72  37 741 404 171   4 108  27]   pred: 8   true: 1
File:11
[  8   1   3   8   0   2  10   6  13  36   3   6 758  13]   pred: 12   true: 12
File:12
[  1   3   0   1   5  27   2   1  21   4   0   1  58 104]   pred: 13   true: 13
File:13
[  9  18  11  31  10   5  55   5 117 394  20  55 595  45]   pred: 12   true: 11

Document ACC
Doc ACC: 6
Doc ACC: 0.428571428571 (norm)
precision recall fscore support
class 0: (0.29591836734693872, 0.42857142857142855, 0.32738095238095238, None)
class 1: (0.29591836734693872, 0.42857142857142855, 0.32738095238095238, None)
class 2: (0.29591836734693872, 0.42857142857142855, 0.32738095238095238, None)
class 3: (0.29591836734693872, 0.42857142857142855, 0.32738095238095238, None)
class 4: (0.29591836734693872, 0.42857142857142855, 0.32738095238095238, None)
class 5: (0.29591836734693872, 0.42857142857142855, 0.32738095238095238, None)
class 6: (0.29591836734693872, 0.42857142857142855, 0.32738095238095238, None)
class 7: (0.29591836734693872, 0.42857142857142855, 0.32738095238095238, None)
class 8: (0.29591836734693872, 0.42857142857142855, 0.32738095238095238, None)
class 9: (0.29591836734693872, 0.42857142857142855, 0.32738095238095238, None)
class 10: (0.29591836734693872, 0.42857142857142855, 0.32738095238095238, None)
class 11: (0.29591836734693872, 0.42857142857142855, 0.32738095238095238, None)
class 12: (0.29591836734693872, 0.42857142857142855, 0.32738095238095238, None)
class 13: (0.29591836734693872, 0.42857142857142855, 0.32738095238095238, None)
avg : (0.29591836734693872, 0.42857142857142855, 0.32738095238095238, None)


