===== Filter Size: 100
===== L2 Norm: 0.3
===== Drop Out: 0.75


./runs/100d_glove_probI_ba/1473415567/checkpoints/2500
Test for prob: I
Total number of test examples: 32574
ACC	0.228065328176
MSE	20.1472339903
Confusion matrix 
[[ 988    0    6    2   38    0   67   32    6  362    5   79    7    6]
 [  16  200   13  365  101  343   39   24   24  193  777   41   99   39]
 [  50  483   11  191   96  858   88   76   20  670  796  180  325  275]
 [  13  123    9  528  231  349  123   11   14   64  300  151  265   91]
 [ 263    1   57  129  576    2  735  130  143  930   29  117   25   53]
 [  39   54    0   30    8  130    8   18   48  117  262   51   43    6]
 [   5   40  156   72  230    1 1281   15    8  260    3    9   25    1]
 [ 106  182   18  153  115  460  151  134   24  181  538  516  394  127]
 [ 333    5  216   91  381   16 1382  344  353 1433   41  151   60   49]
 [  33    0   85   33   67    4  489   71   13 2248   14   24   22   11]
 [  36    9   47  288  145    4 1062   72  137  618  147   17   30   15]
 [   7    0   74   38    7    1  471  114   10  511   11   61   53   13]
 [   4   10    1    7    0   38   13    3    0   53   74   49  640   14]
 [   0    1    0   19   37    7    6    1    1    3    0   16    6  132]]
Normalized confusion matrix
[[  6.18e-01   0.00e+00   3.75e-03   1.25e-03   2.38e-02   0.00e+00
    4.19e-02   2.00e-02   3.75e-03   2.27e-01   3.13e-03   4.94e-02
    4.38e-03   3.75e-03]
 [  7.04e-03   8.80e-02   5.72e-03   1.61e-01   4.44e-02   1.51e-01
    1.72e-02   1.06e-02   1.06e-02   8.49e-02   3.42e-01   1.80e-02
    4.35e-02   1.72e-02]
 [  1.21e-02   1.17e-01   2.67e-03   4.64e-02   2.33e-02   2.08e-01
    2.14e-02   1.85e-02   4.86e-03   1.63e-01   1.93e-01   4.37e-02
    7.89e-02   6.68e-02]
 [  5.72e-03   5.41e-02   3.96e-03   2.32e-01   1.02e-01   1.54e-01
    5.41e-02   4.84e-03   6.16e-03   2.82e-02   1.32e-01   6.65e-02
    1.17e-01   4.01e-02]
 [  8.24e-02   3.13e-04   1.79e-02   4.04e-02   1.81e-01   6.27e-04
    2.30e-01   4.08e-02   4.48e-02   2.92e-01   9.09e-03   3.67e-02
    7.84e-03   1.66e-02]
 [  4.79e-02   6.63e-02   0.00e+00   3.69e-02   9.83e-03   1.60e-01
    9.83e-03   2.21e-02   5.90e-02   1.44e-01   3.22e-01   6.27e-02
    5.28e-02   7.37e-03]
 [  2.37e-03   1.90e-02   7.41e-02   3.42e-02   1.09e-01   4.75e-04
    6.08e-01   7.12e-03   3.80e-03   1.23e-01   1.42e-03   4.27e-03
    1.19e-02   4.75e-04]
 [  3.42e-02   5.87e-02   5.81e-03   4.94e-02   3.71e-02   1.48e-01
    4.87e-02   4.32e-02   7.74e-03   5.84e-02   1.74e-01   1.67e-01
    1.27e-01   4.10e-02]
 [  6.86e-02   1.03e-03   4.45e-02   1.87e-02   7.85e-02   3.30e-03
    2.85e-01   7.09e-02   7.27e-02   2.95e-01   8.44e-03   3.11e-02
    1.24e-02   1.01e-02]
 [  1.06e-02   0.00e+00   2.73e-02   1.06e-02   2.15e-02   1.28e-03
    1.57e-01   2.28e-02   4.17e-03   7.22e-01   4.50e-03   7.71e-03
    7.06e-03   3.53e-03]
 [  1.37e-02   3.43e-03   1.79e-02   1.10e-01   5.52e-02   1.52e-03
    4.04e-01   2.74e-02   5.22e-02   2.35e-01   5.60e-02   6.47e-03
    1.14e-02   5.71e-03]
 [  5.11e-03   0.00e+00   5.40e-02   2.77e-02   5.11e-03   7.29e-04
    3.44e-01   8.32e-02   7.29e-03   3.73e-01   8.02e-03   4.45e-02
    3.87e-02   9.48e-03]
 [  4.42e-03   1.10e-02   1.10e-03   7.73e-03   0.00e+00   4.19e-02
    1.43e-02   3.31e-03   0.00e+00   5.85e-02   8.17e-02   5.41e-02
    7.06e-01   1.55e-02]
 [  0.00e+00   4.37e-03   0.00e+00   8.30e-02   1.62e-01   3.06e-02
    2.62e-02   4.37e-03   4.37e-03   1.31e-02   0.00e+00   6.99e-02
    2.62e-02   5.76e-01]]
File:0
[263   1  57 129 576   2 734 130 143 930  29 117  25  53]   pred: 9   true: 4
File:1
[ 13 123   9 528 231 349 123  11  14  63 300 151 265  91]   pred: 3   true: 3
File:2
[   5   40  156   71  230    1 1281   15    8  260    3    9   25    1]   pred: 6   true: 6
File:3
[  33    0   85   33   67    4  489   71   13 2247   14   24   22   11]   pred: 9   true: 9
File:4
[ 333    5  216   91  381   16 1381  344  353 1433   41  151   60   49]   pred: 9   true: 8
File:5
[  36    9   47  288  145    4 1061   72  137  618  147   17   30   15]   pred: 6   true: 10
File:6
[987   0   6   2  38   0  67  32   6 362   5  79   7   6]   pred: 0   true: 0
File:7
[106 182  18 153 115 459 151 134  24 181 538 516 394 127]   pred: 10   true: 7
File:8
[ 39  54   0  30   8 130   8  18  48 117 261  51  43   6]   pred: 10   true: 5
File:9
[ 50 483  11 191  96 858  88  76  20 669 796 180 325 275]   pred: 5   true: 2
File:10
[ 16 200  13 365 101 343  39  24  24 193 777  40  99  39]   pred: 10   true: 1
File:11
[  4  10   1   7   0  38  13   3   0  53  74  49 639  14]   pred: 12   true: 12
File:12
[  0   1   0  19  37   7   6   1   1   3   0  16   5 132]   pred: 13   true: 13
File:13
[  7   0  74  38   7   1 470 114  10 511  11  61  53  13]   pred: 9   true: 11

Document ACC
Doc ACC: 6
Doc ACC: 0.428571428571 (norm)
precision recall fscore support
class 0: (0.3392857142857143, 0.42857142857142855, 0.3619047619047619, None)
class 1: (0.3392857142857143, 0.42857142857142855, 0.3619047619047619, None)
class 2: (0.3392857142857143, 0.42857142857142855, 0.3619047619047619, None)
class 3: (0.3392857142857143, 0.42857142857142855, 0.3619047619047619, None)
class 4: (0.3392857142857143, 0.42857142857142855, 0.3619047619047619, None)
class 5: (0.3392857142857143, 0.42857142857142855, 0.3619047619047619, None)
class 6: (0.3392857142857143, 0.42857142857142855, 0.3619047619047619, None)
class 7: (0.3392857142857143, 0.42857142857142855, 0.3619047619047619, None)
class 8: (0.3392857142857143, 0.42857142857142855, 0.3619047619047619, None)
class 9: (0.3392857142857143, 0.42857142857142855, 0.3619047619047619, None)
class 10: (0.3392857142857143, 0.42857142857142855, 0.3619047619047619, None)
class 11: (0.3392857142857143, 0.42857142857142855, 0.3619047619047619, None)
class 12: (0.3392857142857143, 0.42857142857142855, 0.3619047619047619, None)
class 13: (0.3392857142857143, 0.42857142857142855, 0.3619047619047619, None)
avg : (0.3392857142857143, 0.42857142857142855, 0.3619047619047619, None)


./runs/100d_glove_probI_ba/1473415567/checkpoints/3000
Test for prob: I
Total number of test examples: 32574
ACC	0.253791367348
MSE	21.7201449008
Confusion matrix 
[[1145    2   13    0   36    0   50   56   11  228    0   37   13    7]
 [  41 1123   29  257   62  134   23   45   20  146   92   16  216   70]
 [ 237 1275   28  151  106  288   45  174   20  315   50  106  829  495]
 [  41  500   34  432  179  196   38   47   16   36   21   78  502  152]
 [ 500   27  165  188  590    1  256  401  269  568   14   53   59   99]
 [ 102  315    2   26   14   64    4   35   37   42   28   36   89   20]
 [  18   66  351  104  297    1  907   49   47  206    2    7   44    7]
 [ 166  708   47  101  102  109   62  288   38   85   30  287  905  171]
 [ 649   41  491  124  391    6  617  753  629  853   17   56  140   88]
 [ 130   22  171   35  102    2  323  159   53 2010    8   17   38   44]
 [  80   27  170  375  176    1  524  199  331  522  127   10   53   32]
 [  29    3  180   68   10    0  212  195   41  476    7   22  107   21]
 [  12   36    4    7    0   11    3    7    0   45    4   20  748    9]
 [   5    4    0   23   19    1    1    7    1    1    0    3   10  154]]
Normalized confusion matrix
[[  7.17e-01   1.25e-03   8.14e-03   0.00e+00   2.25e-02   0.00e+00
    3.13e-02   3.50e-02   6.88e-03   1.43e-01   0.00e+00   2.32e-02
    8.14e-03   4.38e-03]
 [  1.80e-02   4.94e-01   1.28e-02   1.13e-01   2.73e-02   5.89e-02
    1.01e-02   1.98e-02   8.80e-03   6.42e-02   4.05e-02   7.04e-03
    9.50e-02   3.08e-02]
 [  5.75e-02   3.10e-01   6.80e-03   3.67e-02   2.57e-02   6.99e-02
    1.09e-02   4.22e-02   4.86e-03   7.65e-02   1.21e-02   2.57e-02
    2.01e-01   1.20e-01]
 [  1.80e-02   2.20e-01   1.50e-02   1.90e-01   7.88e-02   8.63e-02
    1.67e-02   2.07e-02   7.04e-03   1.58e-02   9.24e-03   3.43e-02
    2.21e-01   6.69e-02]
 [  1.57e-01   8.46e-03   5.17e-02   5.89e-02   1.85e-01   3.13e-04
    8.03e-02   1.26e-01   8.43e-02   1.78e-01   4.39e-03   1.66e-02
    1.85e-02   3.10e-02]
 [  1.25e-01   3.87e-01   2.46e-03   3.19e-02   1.72e-02   7.86e-02
    4.91e-03   4.30e-02   4.55e-02   5.16e-02   3.44e-02   4.42e-02
    1.09e-01   2.46e-02]
 [  8.55e-03   3.13e-02   1.67e-01   4.94e-02   1.41e-01   4.75e-04
    4.31e-01   2.33e-02   2.23e-02   9.78e-02   9.50e-04   3.32e-03
    2.09e-02   3.32e-03]
 [  5.36e-02   2.28e-01   1.52e-02   3.26e-02   3.29e-02   3.52e-02
    2.00e-02   9.29e-02   1.23e-02   2.74e-02   9.68e-03   9.26e-02
    2.92e-01   5.52e-02]
 [  1.34e-01   8.44e-03   1.01e-01   2.55e-02   8.05e-02   1.24e-03
    1.27e-01   1.55e-01   1.30e-01   1.76e-01   3.50e-03   1.15e-02
    2.88e-02   1.81e-02]
 [  4.17e-02   7.06e-03   5.49e-02   1.12e-02   3.28e-02   6.42e-04
    1.04e-01   5.11e-02   1.70e-02   6.45e-01   2.57e-03   5.46e-03
    1.22e-02   1.41e-02]
 [  3.05e-02   1.03e-02   6.47e-02   1.43e-01   6.70e-02   3.81e-04
    1.99e-01   7.58e-02   1.26e-01   1.99e-01   4.83e-02   3.81e-03
    2.02e-02   1.22e-02]
 [  2.12e-02   2.19e-03   1.31e-01   4.96e-02   7.29e-03   0.00e+00
    1.55e-01   1.42e-01   2.99e-02   3.47e-01   5.11e-03   1.60e-02
    7.80e-02   1.53e-02]
 [  1.32e-02   3.97e-02   4.42e-03   7.73e-03   0.00e+00   1.21e-02
    3.31e-03   7.73e-03   0.00e+00   4.97e-02   4.42e-03   2.21e-02
    8.26e-01   9.93e-03]
 [  2.18e-02   1.75e-02   0.00e+00   1.00e-01   8.30e-02   4.37e-03
    4.37e-03   3.06e-02   4.37e-03   4.37e-03   0.00e+00   1.31e-02
    4.37e-02   6.72e-01]]
File:0
[500  27 165 188 590   1 256 401 269 568  14  53  59  98]   pred: 4   true: 4
File:1
[ 41 500  34 432 179 196  38  47  16  35  21  78 502 152]   pred: 12   true: 3
File:2
[ 18  66 351 104 296   1 907  49  47 206   2   7  44   7]   pred: 6   true: 6
File:3
[ 130   22  171   35  102    2  323  159   53 2009    8   17   38   44]   pred: 9   true: 9
File:4
[649  41 491 124 391   6 616 753 629 853  17  56 140  88]   pred: 9   true: 8
File:5
[ 80  27 170 375 176   1 524 199 331 522 127  10  52  32]   pred: 6   true: 10
File:6
[1144    2   13    0   36    0   50   56   11  228    0   37   13    7]   pred: 0   true: 0
File:7
[166 707  47 101 102 109  62 288  38  85  30 287 905 171]   pred: 12   true: 7
File:8
[102 315   2  26  14  64   4  35  37  42  28  36  88  20]   pred: 1   true: 5
File:9
[ 237 1275   28  151  106  288   45  174   20  314   50  106  829  495]   pred: 1   true: 2
File:10
[  41 1122   29  257   62  134   23   45   20  146   92   16  216   70]   pred: 1   true: 1
File:11
[ 12  36   4   7   0  11   3   7   0  45   4  20 747   9]   pred: 12   true: 12
File:12
[  5   4   0  23  19   1   1   7   1   1   0   3   9 154]   pred: 13   true: 13
File:13
[ 29   3 180  68  10   0 212 195  41 475   7  22 107  21]   pred: 9   true: 11

Document ACC
Doc ACC: 7
Doc ACC: 0.5 (norm)
precision recall fscore support
class 0: (0.32142857142857145, 0.5, 0.36904761904761901, None)
class 1: (0.32142857142857145, 0.5, 0.36904761904761901, None)
class 2: (0.32142857142857145, 0.5, 0.36904761904761901, None)
class 3: (0.32142857142857145, 0.5, 0.36904761904761901, None)
class 4: (0.32142857142857145, 0.5, 0.36904761904761901, None)
class 5: (0.32142857142857145, 0.5, 0.36904761904761901, None)
class 6: (0.32142857142857145, 0.5, 0.36904761904761901, None)
class 7: (0.32142857142857145, 0.5, 0.36904761904761901, None)
class 8: (0.32142857142857145, 0.5, 0.36904761904761901, None)
class 9: (0.32142857142857145, 0.5, 0.36904761904761901, None)
class 10: (0.32142857142857145, 0.5, 0.36904761904761901, None)
class 11: (0.32142857142857145, 0.5, 0.36904761904761901, None)
class 12: (0.32142857142857145, 0.5, 0.36904761904761901, None)
class 13: (0.32142857142857145, 0.5, 0.36904761904761901, None)
avg : (0.32142857142857145, 0.5, 0.36904761904761901, None)


./runs/100d_glove_probI_ba/1473415567/checkpoints/3500
Test for prob: I
Total number of test examples: 32574
ACC	0.264382636459
MSE	18.0932645668
Confusion matrix 
[[1076   11    6    1   75    0   23   95   14  221   14   45    9    8]
 [  16  953   30  343   80   76   15   53   46  132  357    9  110   54]
 [  94 1704   33  261  139  190   21  237   61  358  274   69  338  340]
 [  15  557   25  716  208   77   30   65   48   27  101   45  262   96]
 [ 299   29  102  206  761    3  155  544  349  525   45   42   49   81]
 [  47  278    3   22   22   37    0   47   75   51  156   22   43   11]
 [  28   59  262  102  326    1  870  139   91  174    7    5   38    4]
 [  81 1040   35  193  152   41   31  362   72   82  201  196  487  126]
 [ 355   42  291  127  524   13  282 1292  831  777   58   57  113   93]
 [  63   17  102   48  197    6  241  318  101 1915   24   12   31   39]
 [  46   23  111  330  252    3  293  414  456  429  196   11   37   26]
 [  21    2  100   83   17    0  124  358   50  442   19   22  107   26]
 [   7   56    3   10   39    5    0   11    1    7   41   18  695   13]
 [   3    4    0   21   23    0    1    8    6    2    0    3   13  145]]
Normalized confusion matrix
[[  6.73e-01   6.88e-03   3.75e-03   6.26e-04   4.69e-02   0.00e+00
    1.44e-02   5.94e-02   8.76e-03   1.38e-01   8.76e-03   2.82e-02
    5.63e-03   5.01e-03]
 [  7.04e-03   4.19e-01   1.32e-02   1.51e-01   3.52e-02   3.34e-02
    6.60e-03   2.33e-02   2.02e-02   5.80e-02   1.57e-01   3.96e-03
    4.84e-02   2.37e-02]
 [  2.28e-02   4.14e-01   8.01e-03   6.34e-02   3.37e-02   4.61e-02
    5.10e-03   5.75e-02   1.48e-02   8.69e-02   6.65e-02   1.68e-02
    8.21e-02   8.25e-02]
 [  6.60e-03   2.45e-01   1.10e-02   3.15e-01   9.15e-02   3.39e-02
    1.32e-02   2.86e-02   2.11e-02   1.19e-02   4.45e-02   1.98e-02
    1.15e-01   4.23e-02]
 [  9.37e-02   9.09e-03   3.20e-02   6.46e-02   2.39e-01   9.40e-04
    4.86e-02   1.71e-01   1.09e-01   1.65e-01   1.41e-02   1.32e-02
    1.54e-02   2.54e-02]
 [  5.77e-02   3.42e-01   3.69e-03   2.70e-02   2.70e-02   4.55e-02
    0.00e+00   5.77e-02   9.21e-02   6.27e-02   1.92e-01   2.70e-02
    5.28e-02   1.35e-02]
 [  1.33e-02   2.80e-02   1.24e-01   4.84e-02   1.55e-01   4.75e-04
    4.13e-01   6.60e-02   4.32e-02   8.26e-02   3.32e-03   2.37e-03
    1.80e-02   1.90e-03]
 [  2.61e-02   3.36e-01   1.13e-02   6.23e-02   4.90e-02   1.32e-02
    1.00e-02   1.17e-01   2.32e-02   2.65e-02   6.49e-02   6.32e-02
    1.57e-01   4.07e-02]
 [  7.31e-02   8.65e-03   5.99e-02   2.62e-02   1.08e-01   2.68e-03
    5.81e-02   2.66e-01   1.71e-01   1.60e-01   1.19e-02   1.17e-02
    2.33e-02   1.92e-02]
 [  2.02e-02   5.46e-03   3.28e-02   1.54e-02   6.33e-02   1.93e-03
    7.74e-02   1.02e-01   3.24e-02   6.15e-01   7.71e-03   3.85e-03
    9.96e-03   1.25e-02]
 [  1.75e-02   8.76e-03   4.23e-02   1.26e-01   9.59e-02   1.14e-03
    1.12e-01   1.58e-01   1.74e-01   1.63e-01   7.46e-02   4.19e-03
    1.41e-02   9.90e-03]
 [  1.53e-02   1.46e-03   7.29e-02   6.05e-02   1.24e-02   0.00e+00
    9.04e-02   2.61e-01   3.65e-02   3.22e-01   1.39e-02   1.60e-02
    7.80e-02   1.90e-02]
 [  7.73e-03   6.18e-02   3.31e-03   1.10e-02   4.30e-02   5.52e-03
    0.00e+00   1.21e-02   1.10e-03   7.73e-03   4.53e-02   1.99e-02
    7.67e-01   1.43e-02]
 [  1.31e-02   1.75e-02   0.00e+00   9.17e-02   1.00e-01   0.00e+00
    4.37e-03   3.49e-02   2.62e-02   8.73e-03   0.00e+00   1.31e-02
    5.68e-02   6.33e-01]]
File:0
[299  29 102 205 761   3 155 544 349 525  45  42  49  81]   pred: 4   true: 4
File:1
[ 15 557  25 716 208  77  30  65  48  26 101  45 262  96]   pred: 3   true: 3
File:2
[ 28  59 262 101 326   1 870 139  91 174   7   5  38   4]   pred: 6   true: 6
File:3
[  63   17  102   48  197    6  241  318  101 1914   24   12   31   39]   pred: 9   true: 9
File:4
[ 355   42  291  127  524   13  281 1292  831  777   58   57  113   93]   pred: 7   true: 8
File:5
[ 46  23 111 329 252   3 293 414 456 429 196  11  37  26]   pred: 8   true: 10
File:6
[1075   11    6    1   75    0   23   95   14  221   14   45    9    8]   pred: 0   true: 0
File:7
[  81 1039   35  193  152   41   31  362   72   82  201  196  487  126]   pred: 1   true: 7
File:8
[ 47 278   3  22  22  37   0  47  75  51 155  22  43  11]   pred: 1   true: 5
File:9
[  94 1704   33  261  139  190   21  237   61  357  274   69  338  340]   pred: 1   true: 2
File:10
[ 16 952  30 343  80  76  15  53  46 132 357   9 110  54]   pred: 1   true: 1
File:11
[  7  56   3  10  39   5   0  11   1   7  41  18 694  13]   pred: 12   true: 12
File:12
[  3   4   0  21  23   0   1   8   6   2   0   3  12 145]   pred: 13   true: 13
File:13
[ 21   2 100  83  17   0 124 358  50 441  19  22 107  26]   pred: 9   true: 11

Document ACC
Doc ACC: 8
Doc ACC: 0.571428571429 (norm)
precision recall fscore support
class 0: (0.48214285714285715, 0.5714285714285714, 0.50476190476190486, None)
class 1: (0.48214285714285715, 0.5714285714285714, 0.50476190476190486, None)
class 2: (0.48214285714285715, 0.5714285714285714, 0.50476190476190486, None)
class 3: (0.48214285714285715, 0.5714285714285714, 0.50476190476190486, None)
class 4: (0.48214285714285715, 0.5714285714285714, 0.50476190476190486, None)
class 5: (0.48214285714285715, 0.5714285714285714, 0.50476190476190486, None)
class 6: (0.48214285714285715, 0.5714285714285714, 0.50476190476190486, None)
class 7: (0.48214285714285715, 0.5714285714285714, 0.50476190476190486, None)
class 8: (0.48214285714285715, 0.5714285714285714, 0.50476190476190486, None)
class 9: (0.48214285714285715, 0.5714285714285714, 0.50476190476190486, None)
class 10: (0.48214285714285715, 0.5714285714285714, 0.50476190476190486, None)
class 11: (0.48214285714285715, 0.5714285714285714, 0.50476190476190486, None)
class 12: (0.48214285714285715, 0.5714285714285714, 0.50476190476190486, None)
class 13: (0.48214285714285715, 0.5714285714285714, 0.50476190476190486, None)
avg : (0.48214285714285715, 0.5714285714285714, 0.50476190476190486, None)


./runs/100d_glove_probI_ba/1473415567/checkpoints/4000
Test for prob: I
Total number of test examples: 32574
ACC	0.276201878799
MSE	20.6246085835
Confusion matrix 
[[1034   13   15    0   18    1   43   28   58  267   12   82   16   11]
 [  13 1054   20  108   25   95   23   17   98  155  374   26  112  154]
 [  74 1643   39   65   29  202   66   76  142  445  263  146  372  557]
 [  12  639   41  274   39  134   71    6  205   41  119  156  292  243]
 [ 279  117  147   92  211    7  328   86  956  648   44  125   60   90]
 [  36  263    1    5    8   44    9   12   94   66  130   57   44   45]
 [   8  105  263   31  132    2 1039   13  222  222    3   15   47    4]
 [  81  830   39   61   38   46   70  124  220  103  210  439  466  372]
 [ 234  102  385   39  104   15  472  166 1924  998   51  161  135   69]
 [  36   45  129   25   34    4  277   55  206 2179   26   34   31   33]
 [  30   69  170   91   52    4  449   35  901  560  169   27   41   29]
 [   7   17  140   21    2    1  193   82  200  518   14   60   97   19]
 [   2   40    2    3   39    4    4    3    6    8   32   27  698   38]
 [   2   13    1    4    5    1    2    1   26    3    0    8   15  148]]
Normalized confusion matrix
[[  6.47e-01   8.14e-03   9.39e-03   0.00e+00   1.13e-02   6.26e-04
    2.69e-02   1.75e-02   3.63e-02   1.67e-01   7.51e-03   5.13e-02
    1.00e-02   6.88e-03]
 [  5.72e-03   4.64e-01   8.80e-03   4.75e-02   1.10e-02   4.18e-02
    1.01e-02   7.48e-03   4.31e-02   6.82e-02   1.64e-01   1.14e-02
    4.93e-02   6.77e-02]
 [  1.80e-02   3.99e-01   9.47e-03   1.58e-02   7.04e-03   4.90e-02
    1.60e-02   1.85e-02   3.45e-02   1.08e-01   6.39e-02   3.54e-02
    9.03e-02   1.35e-01]
 [  5.28e-03   2.81e-01   1.80e-02   1.21e-01   1.72e-02   5.90e-02
    3.12e-02   2.64e-03   9.02e-02   1.80e-02   5.24e-02   6.87e-02
    1.29e-01   1.07e-01]
 [  8.75e-02   3.67e-02   4.61e-02   2.88e-02   6.61e-02   2.19e-03
    1.03e-01   2.70e-02   3.00e-01   2.03e-01   1.38e-02   3.92e-02
    1.88e-02   2.82e-02]
 [  4.42e-02   3.23e-01   1.23e-03   6.14e-03   9.83e-03   5.41e-02
    1.11e-02   1.47e-02   1.15e-01   8.11e-02   1.60e-01   7.00e-02
    5.41e-02   5.53e-02]
 [  3.80e-03   4.99e-02   1.25e-01   1.47e-02   6.27e-02   9.50e-04
    4.93e-01   6.17e-03   1.05e-01   1.05e-01   1.42e-03   7.12e-03
    2.23e-02   1.90e-03]
 [  2.61e-02   2.68e-01   1.26e-02   1.97e-02   1.23e-02   1.48e-02
    2.26e-02   4.00e-02   7.10e-02   3.32e-02   6.78e-02   1.42e-01
    1.50e-01   1.20e-01]
 [  4.82e-02   2.10e-02   7.93e-02   8.03e-03   2.14e-02   3.09e-03
    9.72e-02   3.42e-02   3.96e-01   2.06e-01   1.05e-02   3.32e-02
    2.78e-02   1.42e-02]
 [  1.16e-02   1.45e-02   4.14e-02   8.03e-03   1.09e-02   1.28e-03
    8.90e-02   1.77e-02   6.62e-02   7.00e-01   8.35e-03   1.09e-02
    9.96e-03   1.06e-02]
 [  1.14e-02   2.63e-02   6.47e-02   3.46e-02   1.98e-02   1.52e-03
    1.71e-01   1.33e-02   3.43e-01   2.13e-01   6.43e-02   1.03e-02
    1.56e-02   1.10e-02]
 [  5.11e-03   1.24e-02   1.02e-01   1.53e-02   1.46e-03   7.29e-04
    1.41e-01   5.98e-02   1.46e-01   3.78e-01   1.02e-02   4.38e-02
    7.08e-02   1.39e-02]
 [  2.21e-03   4.42e-02   2.21e-03   3.31e-03   4.30e-02   4.42e-03
    4.42e-03   3.31e-03   6.62e-03   8.83e-03   3.53e-02   2.98e-02
    7.70e-01   4.19e-02]
 [  8.73e-03   5.68e-02   4.37e-03   1.75e-02   2.18e-02   4.37e-03
    8.73e-03   4.37e-03   1.14e-01   1.31e-02   0.00e+00   3.49e-02
    6.55e-02   6.46e-01]]
File:0
[279 117 147  92 211   7 328  86 956 648  44 125  60  89]   pred: 8   true: 4
File:1
[ 12 639  41 274  39 134  71   6 205  40 119 156 292 243]   pred: 1   true: 3
File:2
[   8  104  263   31  132    2 1039   13  222  222    3   15   47    4]   pred: 6   true: 6
File:3
[  36   45  129   25   34    4  277   55  206 2178   26   34   31   33]   pred: 9   true: 9
File:4
[ 234  102  385   39  104   15  471  166 1924  998   51  161  135   69]   pred: 8   true: 8
File:5
[ 30  69 170  91  52   4 448  35 901 560 169  27  41  29]   pred: 8   true: 10
File:6
[1033   13   15    0   18    1   43   28   58  267   12   82   16   11]   pred: 0   true: 0
File:7
[ 81 829  39  61  38  46  70 124 220 103 210 439 466 372]   pred: 1   true: 7
File:8
[ 36 262   1   5   8  44   9  12  94  66 130  57  44  45]   pred: 1   true: 5
File:9
[  74 1643   39   65   29  202   66   76  142  444  263  146  372  557]   pred: 1   true: 2
File:10
[  13 1053   20  108   25   95   23   17   98  155  374   26  112  154]   pred: 1   true: 1
File:11
[  2  40   2   3  39   4   4   3   6   8  32  27 697  38]   pred: 12   true: 12
File:12
[  2  13   1   4   5   1   2   1  26   3   0   8  14 148]   pred: 13   true: 13
File:13
[  7  17 140  21   2   1 193  82 200 517  14  60  97  19]   pred: 9   true: 11

Document ACC
Doc ACC: 7
Doc ACC: 0.5 (norm)
precision recall fscore support
class 0: (0.35952380952380952, 0.5, 0.39285714285714285, None)
class 1: (0.35952380952380952, 0.5, 0.39285714285714285, None)
class 2: (0.35952380952380952, 0.5, 0.39285714285714285, None)
class 3: (0.35952380952380952, 0.5, 0.39285714285714285, None)
class 4: (0.35952380952380952, 0.5, 0.39285714285714285, None)
class 5: (0.35952380952380952, 0.5, 0.39285714285714285, None)
class 6: (0.35952380952380952, 0.5, 0.39285714285714285, None)
class 7: (0.35952380952380952, 0.5, 0.39285714285714285, None)
class 8: (0.35952380952380952, 0.5, 0.39285714285714285, None)
class 9: (0.35952380952380952, 0.5, 0.39285714285714285, None)
class 10: (0.35952380952380952, 0.5, 0.39285714285714285, None)
class 11: (0.35952380952380952, 0.5, 0.39285714285714285, None)
class 12: (0.35952380952380952, 0.5, 0.39285714285714285, None)
class 13: (0.35952380952380952, 0.5, 0.39285714285714285, None)
avg : (0.35952380952380952, 0.5, 0.39285714285714285, None)


./runs/100d_glove_probI_ba/1473415567/checkpoints/4500
Test for prob: I
Total number of test examples: 32574
ACC	0.249646957696
MSE	22.6950635476
Confusion matrix 
[[1129   16   29    6   42    0   11   28   11  248    7   54    5   12]
 [  27  829   59  476   57   48    7   23   23  150  377   29   72   97]
 [ 155 1383   79  452   68   75   22   80   31  427  418  160  246  523]
 [  17  329   91  928  113   55   21   20   22   46  152  151  147  180]
 [ 420   81  505  260  538    0   80  169  239  646   32   89   34   97]
 [  68  253    7   68   10   26    1   10   52   62  151   51   35   20]
 [  27   65  683  105  177    1  659   30   75  236    3   12   23   10]
 [ 130  623  117  369   96   22   24  186   33  108  349  476  297  269]
 [ 503   92 1378  178  350    5  104  331  540 1021   42  154   54  103]
 [  77   36  386   55  141    3   63   64   48 2148   16   21   23   33]
 [  74   49  562  392  182    0  125   77  292  614  183   17   27   33]
 [  18    5  448   47   12    0   43  117   40  466   13   63   60   39]
 [  10   29    4   18   38    4    0    4    0    9   52   35  660   43]
 [   5    5    5   14    8    0    0    3    2    3    0   11    9  164]]
Normalized confusion matrix
[[  7.07e-01   1.00e-02   1.81e-02   3.75e-03   2.63e-02   0.00e+00
    6.88e-03   1.75e-02   6.88e-03   1.55e-01   4.38e-03   3.38e-02
    3.13e-03   7.51e-03]
 [  1.19e-02   3.65e-01   2.59e-02   2.09e-01   2.51e-02   2.11e-02
    3.08e-03   1.01e-02   1.01e-02   6.60e-02   1.66e-01   1.28e-02
    3.17e-02   4.27e-02]
 [  3.76e-02   3.36e-01   1.92e-02   1.10e-01   1.65e-02   1.82e-02
    5.34e-03   1.94e-02   7.53e-03   1.04e-01   1.01e-01   3.88e-02
    5.97e-02   1.27e-01]
 [  7.48e-03   1.45e-01   4.01e-02   4.08e-01   4.97e-02   2.42e-02
    9.24e-03   8.80e-03   9.68e-03   2.02e-02   6.69e-02   6.65e-02
    6.47e-02   7.92e-02]
 [  1.32e-01   2.54e-02   1.58e-01   8.15e-02   1.69e-01   0.00e+00
    2.51e-02   5.30e-02   7.49e-02   2.03e-01   1.00e-02   2.79e-02
    1.07e-02   3.04e-02]
 [  8.35e-02   3.11e-01   8.60e-03   8.35e-02   1.23e-02   3.19e-02
    1.23e-03   1.23e-02   6.39e-02   7.62e-02   1.86e-01   6.27e-02
    4.30e-02   2.46e-02]
 [  1.28e-02   3.09e-02   3.24e-01   4.99e-02   8.40e-02   4.75e-04
    3.13e-01   1.42e-02   3.56e-02   1.12e-01   1.42e-03   5.70e-03
    1.09e-02   4.75e-03]
 [  4.19e-02   2.01e-01   3.78e-02   1.19e-01   3.10e-02   7.10e-03
    7.74e-03   6.00e-02   1.06e-02   3.48e-02   1.13e-01   1.54e-01
    9.58e-02   8.68e-02]
 [  1.04e-01   1.89e-02   2.84e-01   3.67e-02   7.21e-02   1.03e-03
    2.14e-02   6.82e-02   1.11e-01   2.10e-01   8.65e-03   3.17e-02
    1.11e-02   2.12e-02]
 [  2.47e-02   1.16e-02   1.24e-01   1.77e-02   4.53e-02   9.63e-04
    2.02e-02   2.06e-02   1.54e-02   6.90e-01   5.14e-03   6.74e-03
    7.39e-03   1.06e-02]
 [  2.82e-02   1.87e-02   2.14e-01   1.49e-01   6.93e-02   0.00e+00
    4.76e-02   2.93e-02   1.11e-01   2.34e-01   6.97e-02   6.47e-03
    1.03e-02   1.26e-02]
 [  1.31e-02   3.65e-03   3.27e-01   3.43e-02   8.75e-03   0.00e+00
    3.14e-02   8.53e-02   2.92e-02   3.40e-01   9.48e-03   4.60e-02
    4.38e-02   2.84e-02]
 [  1.10e-02   3.20e-02   4.42e-03   1.99e-02   4.19e-02   4.42e-03
    0.00e+00   4.42e-03   0.00e+00   9.93e-03   5.74e-02   3.86e-02
    7.28e-01   4.75e-02]
 [  2.18e-02   2.18e-02   2.18e-02   6.11e-02   3.49e-02   0.00e+00
    0.00e+00   1.31e-02   8.73e-03   1.31e-02   0.00e+00   4.80e-02
    3.93e-02   7.16e-01]]
File:0
[420  81 505 260 538   0  80 169 239 646  32  89  34  96]   pred: 9   true: 4
File:1
[ 17 329  91 928 113  55  21  20  22  45 152 151 147 180]   pred: 3   true: 3
File:2
[ 27  65 683 104 177   1 659  30  75 236   3  12  23  10]   pred: 2   true: 6
File:3
[  77   36  386   55  141    3   63   64   48 2147   16   21   23   33]   pred: 9   true: 9
File:4
[ 503   92 1377  178  350    5  104  331  540 1021   42  154   54  103]   pred: 2   true: 8
File:5
[ 74  49 562 391 182   0 125  77 292 614 183  17  27  33]   pred: 9   true: 10
File:6
[1128   16   29    6   42    0   11   28   11  248    7   54    5   12]   pred: 0   true: 0
File:7
[130 623 117 368  96  22  24 186  33 108 349 476 297 269]   pred: 1   true: 7
File:8
[ 68 252   7  68  10  26   1  10  52  62 151  51  35  20]   pred: 1   true: 5
File:9
[ 155 1383   79  452   68   75   22   80   31  426  418  160  246  523]   pred: 1   true: 2
File:10
[ 27 828  59 476  57  48   7  23  23 150 377  29  72  97]   pred: 1   true: 1
File:11
[ 10  29   4  18  38   4   0   4   0   9  52  35 659  43]   pred: 12   true: 12
File:12
[  5   5   5  14   8   0   0   3   2   3   0  11   8 164]   pred: 13   true: 13
File:13
[ 18   5 448  47  12   0  43 117  40 465  13  63  60  39]   pred: 9   true: 11

Document ACC
Doc ACC: 6
Doc ACC: 0.428571428571 (norm)
precision recall fscore support
class 0: (0.32142857142857145, 0.42857142857142855, 0.34285714285714286, None)
class 1: (0.32142857142857145, 0.42857142857142855, 0.34285714285714286, None)
class 2: (0.32142857142857145, 0.42857142857142855, 0.34285714285714286, None)
class 3: (0.32142857142857145, 0.42857142857142855, 0.34285714285714286, None)
class 4: (0.32142857142857145, 0.42857142857142855, 0.34285714285714286, None)
class 5: (0.32142857142857145, 0.42857142857142855, 0.34285714285714286, None)
class 6: (0.32142857142857145, 0.42857142857142855, 0.34285714285714286, None)
class 7: (0.32142857142857145, 0.42857142857142855, 0.34285714285714286, None)
class 8: (0.32142857142857145, 0.42857142857142855, 0.34285714285714286, None)
class 9: (0.32142857142857145, 0.42857142857142855, 0.34285714285714286, None)
class 10: (0.32142857142857145, 0.42857142857142855, 0.34285714285714286, None)
class 11: (0.32142857142857145, 0.42857142857142855, 0.34285714285714286, None)
class 12: (0.32142857142857145, 0.42857142857142855, 0.34285714285714286, None)
class 13: (0.32142857142857145, 0.42857142857142855, 0.34285714285714286, None)
avg : (0.32142857142857145, 0.42857142857142855, 0.34285714285714286, None)


