===== Filter Size: 50
===== L2 Norm: 0.9
===== Drop Out: 0.75


./runs/300d_glove_probI_ba/1473637426/checkpoints/2000
Test for prob: I
Total number of test examples: 32574
ACC	0.243261496899
MSE	18.8517529318
Confusion matrix
[[ 943    0    8    4   33    0   35   63   15  358    6  112    9   12]
 [   9 1335   36  212   76   19    8   29   16  177  140   34   83  100]
 [  60 2091   13  130   69   25   36  158   12  504  108  210  202  501]
 [   5 1046   28  371  126    7   27   65   11   65   15  135  210  161]
 [ 214   29   89  225  694    0  278  355  122  913   20  106   44  101]
 [  33  387    2   12    8    8    9   52   27   84   65   65   27   35]
 [   7   93  255   93  339    0  821   81   44  297    0   12   45   19]
 [  60 1248   17  139   64    6   66  263   19  170  104  356  359  228]
 [ 199   35  352  133  473    2  503 1004  352 1357   26  181  111  127]
 [  27   13  109   47  114    2  300  138   69 2171    7   34   31   52]
 [  21   44  118  291  266    0  411  210  313  733  123   28   36   33]
 [  10   48   93   47   29    0  203  231   17  518    6   69   72   28]
 [   2  104    3    9    3    0    3    7    2   50   12   49  621   41]
 [   0    6    0   15    7    0    2    4    2    2    0   28   23  140]]
Normalized confusion matrix
[[  5.90e-01   0.00e+00   5.01e-03   2.50e-03   2.07e-02   0.00e+00
    2.19e-02   3.94e-02   9.39e-03   2.24e-01   3.75e-03   7.01e-02
    5.63e-03   7.51e-03]
 [  3.96e-03   5.87e-01   1.58e-02   9.32e-02   3.34e-02   8.36e-03
    3.52e-03   1.28e-02   7.04e-03   7.78e-02   6.16e-02   1.50e-02
    3.65e-02   4.40e-02]
 [  1.46e-02   5.08e-01   3.16e-03   3.16e-02   1.68e-02   6.07e-03
    8.74e-03   3.84e-02   2.91e-03   1.22e-01   2.62e-02   5.10e-02
    4.90e-02   1.22e-01]
 [  2.20e-03   4.60e-01   1.23e-02   1.63e-01   5.55e-02   3.08e-03
    1.19e-02   2.86e-02   4.84e-03   2.86e-02   6.60e-03   5.94e-02
    9.24e-02   7.09e-02]
 [  6.71e-02   9.09e-03   2.79e-02   7.05e-02   2.18e-01   0.00e+00
    8.71e-02   1.11e-01   3.82e-02   2.86e-01   6.27e-03   3.32e-02
    1.38e-02   3.17e-02]
 [  4.05e-02   4.75e-01   2.46e-03   1.47e-02   9.83e-03   9.83e-03
    1.11e-02   6.39e-02   3.32e-02   1.03e-01   7.99e-02   7.99e-02
    3.32e-02   4.30e-02]
 [  3.32e-03   4.42e-02   1.21e-01   4.42e-02   1.61e-01   0.00e+00
    3.90e-01   3.85e-02   2.09e-02   1.41e-01   0.00e+00   5.70e-03
    2.14e-02   9.02e-03]
 [  1.94e-02   4.03e-01   5.49e-03   4.49e-02   2.07e-02   1.94e-03
    2.13e-02   8.49e-02   6.13e-03   5.49e-02   3.36e-02   1.15e-01
    1.16e-01   7.36e-02]
 [  4.10e-02   7.21e-03   7.25e-02   2.74e-02   9.74e-02   4.12e-04
    1.04e-01   2.07e-01   7.25e-02   2.80e-01   5.36e-03   3.73e-02
    2.29e-02   2.62e-02]
 [  8.67e-03   4.17e-03   3.50e-02   1.51e-02   3.66e-02   6.42e-04
    9.63e-02   4.43e-02   2.22e-02   6.97e-01   2.25e-03   1.09e-02
    9.96e-03   1.67e-02]
 [  7.99e-03   1.67e-02   4.49e-02   1.11e-01   1.01e-01   0.00e+00
    1.56e-01   7.99e-02   1.19e-01   2.79e-01   4.68e-02   1.07e-02
    1.37e-02   1.26e-02]
 [  7.29e-03   3.50e-02   6.78e-02   3.43e-02   2.12e-02   0.00e+00
    1.48e-01   1.68e-01   1.24e-02   3.78e-01   4.38e-03   5.03e-02
    5.25e-02   2.04e-02]
 [  2.21e-03   1.15e-01   3.31e-03   9.93e-03   3.31e-03   0.00e+00
    3.31e-03   7.73e-03   2.21e-03   5.52e-02   1.32e-02   5.41e-02
    6.85e-01   4.53e-02]
 [  0.00e+00   2.62e-02   0.00e+00   6.55e-02   3.06e-02   0.00e+00
    8.73e-03   1.75e-02   8.73e-03   8.73e-03   0.00e+00   1.22e-01
    1.00e-01   6.11e-01]]
File:0
[214  29  89 225 694   0 278 355 122 913  20 106  44 100]   pred: 9   true: 4
File:1
[   5 1046   28  371  126    7   27   65   11   64   15  135  210  161]   pred: 1   true: 3
File:2
[  7  93 255  93 338   0 821  81  44 297   0  12  45  19]   pred: 6   true: 6
File:3
[  27   13  109   47  114    2  300  138   69 2170    7   34   31   52]   pred: 9   true: 9
File:4
[ 199   35  352  133  473    2  502 1004  352 1357   26  181  111  127]   pred: 9   true: 8
File:5
[ 21  44 118 290 266   0 411 210 313 733 123  28  36  33]   pred: 9   true: 10
File:6
[942   0   8   4  33   0  35  63  15 358   6 112   9  12]   pred: 0   true: 0
File:7
[  60 1247   17  139   64    6   66  263   19  170  104  356  359  228]   pred: 1   true: 7
File:8
[ 33 387   2  12   8   8   9  52  27  84  65  64  27  35]   pred: 1   true: 5
File:9
[  60 2091   13  130   69   25   36  158   12  503  108  210  202  501]   pred: 1   true: 2
File:10
[   9 1334   36  212   76   19    8   29   16  177  140   34   83  100]   pred: 1   true: 1
File:11
[  2 104   3   9   3   0   3   7   2  50  12  49 620  41]   pred: 12   true: 12
File:12
[  0   6   0  15   7   0   2   4   2   2   0  28  22 140]   pred: 13   true: 13
File:13
[ 10  48  93  47  29   0 203 230  17 518   6  69  72  28]   pred: 9   true: 11

Document ACC
Doc ACC: 6
Doc ACC: 0.428571428571 (norm)
precision recall fscore support
class 0: (0.31428571428571433, 0.42857142857142855, 0.33333333333333337, None)
class 1: (0.31428571428571433, 0.42857142857142855, 0.33333333333333337, None)
class 2: (0.31428571428571433, 0.42857142857142855, 0.33333333333333337, None)
class 3: (0.31428571428571433, 0.42857142857142855, 0.33333333333333337, None)
class 4: (0.31428571428571433, 0.42857142857142855, 0.33333333333333337, None)
class 5: (0.31428571428571433, 0.42857142857142855, 0.33333333333333337, None)
class 6: (0.31428571428571433, 0.42857142857142855, 0.33333333333333337, None)
class 7: (0.31428571428571433, 0.42857142857142855, 0.33333333333333337, None)
class 8: (0.31428571428571433, 0.42857142857142855, 0.33333333333333337, None)
class 9: (0.31428571428571433, 0.42857142857142855, 0.33333333333333337, None)
class 10: (0.31428571428571433, 0.42857142857142855, 0.33333333333333337, None)
class 11: (0.31428571428571433, 0.42857142857142855, 0.33333333333333337, None)
class 12: (0.31428571428571433, 0.42857142857142855, 0.33333333333333337, None)
class 13: (0.31428571428571433, 0.42857142857142855, 0.33333333333333337, None)
avg : (0.31428571428571433, 0.42857142857142855, 0.33333333333333337, None)


./runs/300d_glove_probI_ba/1473637426/checkpoints/2250
Test for prob: I
Total number of test examples: 32574
ACC	0.218671332965
MSE	22.8830969485
Confusion matrix
[[ 953    0   14    3   24    2   27   31   19  376   29   98   11   11]
 [  16  191   32  130  110  358    4   13   24  194  896   35  156  115]
 [  75  278   13   53  114  876   35   91   17  529 1057  193  344  444]
 [  11   94   32  193  280  420   34   28   24   62  391  128  398  177]
 [ 274    5  117   95  770   10  223  201  192  996   68  106   30  103]
 [  30   40    1    8   11  102    7   18   30  102  346   44   38   37]
 [  11   72  310   37  346    2  712   53   76  406   10   10   42   19]
 [  82   98   24   47  149  549   54  193   37  154  613  321  574  204]
 [ 231    6  393   60  506   41  316  586  540 1716   88  165  103  104]
 [  36    4  101   32   88    8  141   98   89 2382   19   31   29   56]
 [  25    5  123  194  277    8  272   85  351  952  218   34   40   43]
 [  14    6  114   28   26    5  105  146   64  668   16   69   70   40]
 [   2   10    2    5    3   28    1    3    3   57   70   32  657   33]
 [   1    3    1    2   20   13    2    4    3    2    2   24   22  130]]
Normalized confusion matrix
[[ 0.6   0.    0.01  0.    0.02  0.    0.02  0.02  0.01  0.24  0.02  0.06
   0.01  0.01]
 [ 0.01  0.08  0.01  0.06  0.05  0.16  0.    0.01  0.01  0.09  0.39  0.02
   0.07  0.05]
 [ 0.02  0.07  0.    0.01  0.03  0.21  0.01  0.02  0.    0.13  0.26  0.05
   0.08  0.11]
 [ 0.    0.04  0.01  0.08  0.12  0.18  0.01  0.01  0.01  0.03  0.17  0.06
   0.18  0.08]
 [ 0.09  0.    0.04  0.03  0.24  0.    0.07  0.06  0.06  0.31  0.02  0.03
   0.01  0.03]
 [ 0.04  0.05  0.    0.01  0.01  0.13  0.01  0.02  0.04  0.13  0.43  0.05
   0.05  0.05]
 [ 0.01  0.03  0.15  0.02  0.16  0.    0.34  0.03  0.04  0.19  0.    0.
   0.02  0.01]
 [ 0.03  0.03  0.01  0.02  0.05  0.18  0.02  0.06  0.01  0.05  0.2   0.1
   0.19  0.07]
 [ 0.05  0.    0.08  0.01  0.1   0.01  0.07  0.12  0.11  0.35  0.02  0.03
   0.02  0.02]
 [ 0.01  0.    0.03  0.01  0.03  0.    0.05  0.03  0.03  0.76  0.01  0.01
   0.01  0.02]
 [ 0.01  0.    0.05  0.07  0.11  0.    0.1   0.03  0.13  0.36  0.08  0.01
   0.02  0.02]
 [ 0.01  0.    0.08  0.02  0.02  0.    0.08  0.11  0.05  0.49  0.01  0.05
   0.05  0.03]
 [ 0.    0.01  0.    0.01  0.    0.03  0.    0.    0.    0.06  0.08  0.04
   0.73  0.04]
 [ 0.    0.01  0.    0.01  0.09  0.06  0.01  0.02  0.01  0.01  0.01  0.1
   0.1   0.57]]
File:0
[274   5 117  95 770  10 222 201 192 996  68 106  30 103]   pred: 9   true: 4
File:1
[ 11  94  32 193 280 420  34  28  24  61 391 128 398 177]   pred: 5   true: 3
File:2
[ 11  72 310  37 345   2 712  53  76 406  10  10  42  19]   pred: 6   true: 6
File:3
[  36    4  101   32   88    8  141   98   89 2381   19   31   29   56]   pred: 9   true: 9
File:4
[ 231    6  393   60  506   41  315  586  540 1716   88  165  103  104]   pred: 9   true: 8
File:5
[ 25   5 123 194 277   8 271  85 351 952 218  34  40  43]   pred: 9   true: 10
File:6
[952   0  14   3  24   2  27  31  19 376  29  98  11  11]   pred: 0   true: 0
File:7
[ 82  98  24  47 149 549  54 193  37 154 612 321 574 204]   pred: 10   true: 7
File:8
[ 30  40   1   8  11 102   7  18  30 102 345  44  38  37]   pred: 10   true: 5
File:9
[  75  278   13   53  114  876   35   91   17  528 1057  193  344  444]   pred: 10   true: 2
File:10
[ 16 191  32 130 110 358   4  13  24 194 895  35 156 115]   pred: 10   true: 1
File:11
[  2  10   2   5   3  28   1   3   3  57  70  32 656  33]   pred: 12   true: 12
File:12
[  1   3   1   2  20  13   2   4   3   2   2  24  21 130]   pred: 13   true: 13
File:13
[ 14   6 114  28  26   5 105 146  64 667  16  69  70  40]   pred: 9   true: 11

Document ACC
Doc ACC: 5
Doc ACC: 0.357142857143 (norm)
precision recall fscore support
class 0: (0.29999999999999999, 0.35714285714285715, 0.30952380952380959, None)
class 1: (0.29999999999999999, 0.35714285714285715, 0.30952380952380959, None)
class 2: (0.29999999999999999, 0.35714285714285715, 0.30952380952380959, None)
class 3: (0.29999999999999999, 0.35714285714285715, 0.30952380952380959, None)
class 4: (0.29999999999999999, 0.35714285714285715, 0.30952380952380959, None)
class 5: (0.29999999999999999, 0.35714285714285715, 0.30952380952380959, None)
class 6: (0.29999999999999999, 0.35714285714285715, 0.30952380952380959, None)
class 7: (0.29999999999999999, 0.35714285714285715, 0.30952380952380959, None)
class 8: (0.29999999999999999, 0.35714285714285715, 0.30952380952380959, None)
class 9: (0.29999999999999999, 0.35714285714285715, 0.30952380952380959, None)
class 10: (0.29999999999999999, 0.35714285714285715, 0.30952380952380959, None)
class 11: (0.29999999999999999, 0.35714285714285715, 0.30952380952380959, None)
class 12: (0.29999999999999999, 0.35714285714285715, 0.30952380952380959, None)
class 13: (0.29999999999999999, 0.35714285714285715, 0.30952380952380959, None)
avg : (0.29999999999999999, 0.35714285714285715, 0.30952380952380959, None)


./runs/300d_glove_probI_ba/1473637426/checkpoints/2500
Test for prob: I
Total number of test examples: 32574
ACC	0.241143243077
MSE	18.2272364462
Confusion matrix
[[1126    4    2    2   23    1   72   28    8  262    1   60    5    4]
 [  33 1246   17  118   96   57   19   18   11  192  277   44  102   44]
 [ 253 2118    2   57  104   68   85  121    6  390  189  232  241  253]
 [  22  975    3  229  205   24  100   35   14   68   46  181  277   93]
 [ 447   30   41  100  616   12  759  185   80  711   48  101   21   39]
 [  85  381    0   10    7   19   17   27   25   58   77   69   30    9]
 [  26  103   58   32  330    1 1244   31    4  220    4    8   38    7]
 [ 151 1163    4   49  108   26  175  172   11  143  162  413  435   87]
 [ 562   32  121   67  410   29 1498  503  215 1092   43  172   67   44]
 [ 129   10   71   31   91    9  610   66   57 1943   14   26   29   28]
 [  84   44   42  214  238    7  945   90   99  598  196   28   22   20]
 [  36   35   27   23   24    5  545   94    7  405   14   79   59   18]
 [  13   85    0    7    2    0    5    6    2   47   20   44  663   12]
 [   7   11    0    4   14    3    5    7    2    2    0   46   23  105]]
Normalized confusion matrix
[[  7.05e-01   2.50e-03   1.25e-03   1.25e-03   1.44e-02   6.26e-04
    4.51e-02   1.75e-02   5.01e-03   1.64e-01   6.26e-04   3.75e-02
    3.13e-03   2.50e-03]
 [  1.45e-02   5.48e-01   7.48e-03   5.19e-02   4.22e-02   2.51e-02
    8.36e-03   7.92e-03   4.84e-03   8.44e-02   1.22e-01   1.93e-02
    4.49e-02   1.93e-02]
 [  6.14e-02   5.14e-01   4.86e-04   1.38e-02   2.52e-02   1.65e-02
    2.06e-02   2.94e-02   1.46e-03   9.47e-02   4.59e-02   5.63e-02
    5.85e-02   6.14e-02]
 [  9.68e-03   4.29e-01   1.32e-03   1.01e-01   9.02e-02   1.06e-02
    4.40e-02   1.54e-02   6.16e-03   2.99e-02   2.02e-02   7.97e-02
    1.22e-01   4.09e-02]
 [  1.40e-01   9.40e-03   1.29e-02   3.13e-02   1.93e-01   3.76e-03
    2.38e-01   5.80e-02   2.51e-02   2.23e-01   1.50e-02   3.17e-02
    6.58e-03   1.22e-02]
 [  1.04e-01   4.68e-01   0.00e+00   1.23e-02   8.60e-03   2.33e-02
    2.09e-02   3.32e-02   3.07e-02   7.13e-02   9.46e-02   8.48e-02
    3.69e-02   1.11e-02]
 [  1.23e-02   4.89e-02   2.75e-02   1.52e-02   1.57e-01   4.75e-04
    5.91e-01   1.47e-02   1.90e-03   1.04e-01   1.90e-03   3.80e-03
    1.80e-02   3.32e-03]
 [  4.87e-02   3.75e-01   1.29e-03   1.58e-02   3.48e-02   8.39e-03
    5.65e-02   5.55e-02   3.55e-03   4.61e-02   5.23e-02   1.33e-01
    1.40e-01   2.81e-02]
 [  1.16e-01   6.59e-03   2.49e-02   1.38e-02   8.44e-02   5.97e-03
    3.09e-01   1.04e-01   4.43e-02   2.25e-01   8.86e-03   3.54e-02
    1.38e-02   9.06e-03]
 [  4.14e-02   3.21e-03   2.28e-02   9.96e-03   2.92e-02   2.89e-03
    1.96e-01   2.12e-02   1.83e-02   6.24e-01   4.50e-03   8.35e-03
    9.31e-03   8.99e-03]
 [  3.20e-02   1.67e-02   1.60e-02   8.15e-02   9.06e-02   2.66e-03
    3.60e-01   3.43e-02   3.77e-02   2.28e-01   7.46e-02   1.07e-02
    8.37e-03   7.61e-03]
 [  2.63e-02   2.55e-02   1.97e-02   1.68e-02   1.75e-02   3.65e-03
    3.98e-01   6.86e-02   5.11e-03   2.95e-01   1.02e-02   5.76e-02
    4.30e-02   1.31e-02]
 [  1.43e-02   9.38e-02   0.00e+00   7.73e-03   2.21e-03   0.00e+00
    5.52e-03   6.62e-03   2.21e-03   5.19e-02   2.21e-02   4.86e-02
    7.32e-01   1.32e-02]
 [  3.06e-02   4.80e-02   0.00e+00   1.75e-02   6.11e-02   1.31e-02
    2.18e-02   3.06e-02   8.73e-03   8.73e-03   0.00e+00   2.01e-01
    1.00e-01   4.59e-01]]
File:0
[447  30  41 100 616  12 758 185  80 711  48 101  21  39]   pred: 6   true: 4
File:1
[ 22 975   3 229 205  24 100  35  14  67  46 181 277  93]   pred: 1   true: 3
File:2
[  26  103   58   32  329    1 1244   31    4  220    4    8   38    7]   pred: 6   true: 6
File:3
[ 129   10   71   31   91    9  610   66   57 1942   14   26   29   28]   pred: 9   true: 9
File:4
[ 562   32  121   67  410   29 1497  503  215 1092   43  172   67   44]   pred: 6   true: 8
File:5
[ 84  44  42 214 238   7 944  90  99 598 196  28  22  20]   pred: 6   true: 10
File:6
[1125    4    2    2   23    1   72   28    8  262    1   60    5    4]   pred: 0   true: 0
File:7
[ 151 1162    4   49  108   26  175  172   11  143  162  413  435   87]   pred: 1   true: 7
File:8
[ 85 381   0  10   7  19  17  27  25  58  77  68  30   9]   pred: 1   true: 5
File:9
[ 253 2118    2   57  104   68   85  121    6  389  189  232  241  253]   pred: 1   true: 2
File:10
[  33 1245   17  118   96   57   19   18   11  192  277   44  102   44]   pred: 1   true: 1
File:11
[ 13  85   0   7   2   0   5   6   2  47  20  44 662  12]   pred: 12   true: 12
File:12
[  7  11   0   4  14   3   5   7   2   2   0  46  22 105]   pred: 13   true: 13
File:13
[ 36  35  27  23  24   5 544  94   7 405  14  79  59  18]   pred: 6   true: 11

Document ACC
Doc ACC: 6
Doc ACC: 0.428571428571 (norm)
precision recall fscore support
class 0: (0.31428571428571433, 0.42857142857142855, 0.33333333333333337, None)
class 1: (0.31428571428571433, 0.42857142857142855, 0.33333333333333337, None)
class 2: (0.31428571428571433, 0.42857142857142855, 0.33333333333333337, None)
class 3: (0.31428571428571433, 0.42857142857142855, 0.33333333333333337, None)
class 4: (0.31428571428571433, 0.42857142857142855, 0.33333333333333337, None)
class 5: (0.31428571428571433, 0.42857142857142855, 0.33333333333333337, None)
class 6: (0.31428571428571433, 0.42857142857142855, 0.33333333333333337, None)
class 7: (0.31428571428571433, 0.42857142857142855, 0.33333333333333337, None)
class 8: (0.31428571428571433, 0.42857142857142855, 0.33333333333333337, None)
class 9: (0.31428571428571433, 0.42857142857142855, 0.33333333333333337, None)
class 10: (0.31428571428571433, 0.42857142857142855, 0.33333333333333337, None)
class 11: (0.31428571428571433, 0.42857142857142855, 0.33333333333333337, None)
class 12: (0.31428571428571433, 0.42857142857142855, 0.33333333333333337, None)
class 13: (0.31428571428571433, 0.42857142857142855, 0.33333333333333337, None)
avg : (0.31428571428571433, 0.42857142857142855, 0.33333333333333337, None)


./runs/300d_glove_probI_ba/1473637426/checkpoints/2750
Test for prob: I
Total number of test examples: 32574
ACC	0.233806103027
MSE	21.5535089335
Confusion matrix
[[1071    2    7    5   34    3   28   35   20  324    2   48   12    7]
 [  28  583   28  176  110  131    4   17   17  176  817   16  101   70]
 [ 171  790    4   84  131  370   38   87   23  488 1117  133  315  368]
 [  17  428   13  299  234  123   24   24   25   76  465  107  275  162]
 [ 349   30   73  147  788   24  233  275  173  888   32   65   62   51]
 [  61  188    1   13   16   60    8   13   28   86  236   45   33   26]
 [  20  105  142   53  408    2  861   81   49  312    2    7   55    9]
 [ 116  341   13   67  159  228   51  191   32  152  773  272  547  157]
 [ 371   41  203   96  572   64  403  695  530 1532   25   97  171   55]
 [  73   10   82   37  133   18  197  134   95 2220    8   25   42   40]
 [  50   42  101  275  324   11  314  172  286  794  167   23   48   20]
 [  17   36   53   35   42    5  150  191   49  594   13   60  105   21]
 [   5   24    1   11    3   10    1    3    3   48   74   31  659   33]
 [   3   16    0    8   16    9    2    4    8    3    0   15   22  123]]
Normalized confusion matrix
[[ 0.67  0.    0.    0.    0.02  0.    0.02  0.02  0.01  0.2   0.    0.03
   0.01  0.  ]
 [ 0.01  0.26  0.01  0.08  0.05  0.06  0.    0.01  0.01  0.08  0.36  0.01
   0.04  0.03]
 [ 0.04  0.19  0.    0.02  0.03  0.09  0.01  0.02  0.01  0.12  0.27  0.03
   0.08  0.09]
 [ 0.01  0.19  0.01  0.13  0.1   0.05  0.01  0.01  0.01  0.03  0.2   0.05
   0.12  0.07]
 [ 0.11  0.01  0.02  0.05  0.25  0.01  0.07  0.09  0.05  0.28  0.01  0.02
   0.02  0.02]
 [ 0.07  0.23  0.    0.02  0.02  0.07  0.01  0.02  0.03  0.11  0.29  0.06
   0.04  0.03]
 [ 0.01  0.05  0.07  0.03  0.19  0.    0.41  0.04  0.02  0.15  0.    0.
   0.03  0.  ]
 [ 0.04  0.11  0.    0.02  0.05  0.07  0.02  0.06  0.01  0.05  0.25  0.09
   0.18  0.05]
 [ 0.08  0.01  0.04  0.02  0.12  0.01  0.08  0.14  0.11  0.32  0.01  0.02
   0.04  0.01]
 [ 0.02  0.    0.03  0.01  0.04  0.01  0.06  0.04  0.03  0.71  0.    0.01
   0.01  0.01]
 [ 0.02  0.02  0.04  0.1   0.12  0.    0.12  0.07  0.11  0.3   0.06  0.01
   0.02  0.01]
 [ 0.01  0.03  0.04  0.03  0.03  0.    0.11  0.14  0.04  0.43  0.01  0.04
   0.08  0.02]
 [ 0.01  0.03  0.    0.01  0.    0.01  0.    0.    0.    0.05  0.08  0.03
   0.73  0.04]
 [ 0.01  0.07  0.    0.03  0.07  0.04  0.01  0.02  0.03  0.01  0.    0.07
   0.1   0.54]]
File:0
[349  30  73 147 788  24 232 275 173 888  32  65  62  51]   pred: 9   true: 4
File:1
[ 17 428  13 299 234 123  24  24  25  75 465 107 275 162]   pred: 10   true: 3
File:2
[ 20 105 142  53 407   2 861  81  49 312   2   7  55   9]   pred: 6   true: 6
File:3
[  73   10   82   37  133   18  197  134   95 2219    8   25   42   40]   pred: 9   true: 9
File:4
[ 371   41  203   96  572   64  402  695  530 1532   25   97  171   55]   pred: 9   true: 8
File:5
[ 50  42 101 275 324  11 313 172 286 794 167  23  48  20]   pred: 9   true: 10
File:6
[1070    2    7    5   34    3   28   35   20  324    2   48   12    7]   pred: 0   true: 0
File:7
[116 340  13  67 159 228  51 191  32 152 773 272 547 157]   pred: 10   true: 7
File:8
[ 61 188   1  13  16  60   8  13  28  86 236  44  33  26]   pred: 10   true: 5
File:9
[ 171  790    4   84  131  370   38   87   23  487 1117  133  315  368]   pred: 10   true: 2
File:10
[ 28 582  28 176 110 131   4  17  17 176 817  16 101  70]   pred: 10   true: 1
File:11
[  5  24   1  11   3  10   1   3   3  48  74  31 658  33]   pred: 12   true: 12
File:12
[  3  16   0   8  16   9   2   4   8   3   0  15  21 123]   pred: 13   true: 13
File:13
[ 17  36  53  35  42   5 150 191  49 593  13  60 105  21]   pred: 9   true: 11

Document ACC
Doc ACC: 5
Doc ACC: 0.357142857143 (norm)
precision recall fscore support
class 0: (0.29999999999999999, 0.35714285714285715, 0.30952380952380959, None)
class 1: (0.29999999999999999, 0.35714285714285715, 0.30952380952380959, None)
class 2: (0.29999999999999999, 0.35714285714285715, 0.30952380952380959, None)
class 3: (0.29999999999999999, 0.35714285714285715, 0.30952380952380959, None)
class 4: (0.29999999999999999, 0.35714285714285715, 0.30952380952380959, None)
class 5: (0.29999999999999999, 0.35714285714285715, 0.30952380952380959, None)
class 6: (0.29999999999999999, 0.35714285714285715, 0.30952380952380959, None)
class 7: (0.29999999999999999, 0.35714285714285715, 0.30952380952380959, None)
class 8: (0.29999999999999999, 0.35714285714285715, 0.30952380952380959, None)
class 9: (0.29999999999999999, 0.35714285714285715, 0.30952380952380959, None)
class 10: (0.29999999999999999, 0.35714285714285715, 0.30952380952380959, None)
class 11: (0.29999999999999999, 0.35714285714285715, 0.30952380952380959, None)
class 12: (0.29999999999999999, 0.35714285714285715, 0.30952380952380959, None)
class 13: (0.29999999999999999, 0.35714285714285715, 0.30952380952380959, None)
avg : (0.29999999999999999, 0.35714285714285715, 0.30952380952380959, None)


./runs/300d_glove_probI_ba/1473637426/checkpoints/3000
Test for prob: I
Total number of test examples: 32574
ACC	0.245625345367
MSE	19.3405169767
Confusion matrix
[[1067    4   12   11   27    8   63   46   26  233    3   81    5   12]
 [  25  813   41  333   58  283   10   19   34  149  270   68  100   71]
 [ 159 1375   18  174   85  588   73   94   36  329  199  353  303  333]
 [  15  610   34  531   98  258   38   17   37   40   39  205  225  125]
 [ 405   13  136  325  611   38  257  224  288  629   45  117   19   83]
 [  52  246    2   20   10   94   14   18   46   61   69  116   39   27]
 [  18   71  258   97  297    3  994   56   74  181    2   15   27   13]
 [  87  697   28  179   82  344   92  155   80   96  165  528  431  135]
 [ 411   12  404  195  414  118  584  537  788  979   29  216   50  118]
 [  95    2  174   75  134   18  342  105  125 1900   11   43   26   64]
 [  60    5  186  386  212   22  355  134  431  586  167   34   16   33]
 [  24   11  137   49   27    8  232  148   82  461   12   88   46   46]
 [  10   48    2   16    1   24    3    5    3   43   16   57  645   33]
 [   2    1    1   12    8   18    2    3   10    2    0   32    8  130]]
Normalized confusion matrix
[[  6.68e-01   2.50e-03   7.51e-03   6.88e-03   1.69e-02   5.01e-03
    3.94e-02   2.88e-02   1.63e-02   1.46e-01   1.88e-03   5.07e-02
    3.13e-03   7.51e-03]
 [  1.10e-02   3.58e-01   1.80e-02   1.46e-01   2.55e-02   1.24e-01
    4.40e-03   8.36e-03   1.50e-02   6.55e-02   1.19e-01   2.99e-02
    4.40e-02   3.12e-02]
 [  3.86e-02   3.34e-01   4.37e-03   4.22e-02   2.06e-02   1.43e-01
    1.77e-02   2.28e-02   8.74e-03   7.99e-02   4.83e-02   8.57e-02
    7.36e-02   8.08e-02]
 [  6.60e-03   2.68e-01   1.50e-02   2.34e-01   4.31e-02   1.14e-01
    1.67e-02   7.48e-03   1.63e-02   1.76e-02   1.72e-02   9.02e-02
    9.90e-02   5.50e-02]
 [  1.27e-01   4.08e-03   4.26e-02   1.02e-01   1.92e-01   1.19e-02
    8.06e-02   7.02e-02   9.03e-02   1.97e-01   1.41e-02   3.67e-02
    5.96e-03   2.60e-02]
 [  6.39e-02   3.02e-01   2.46e-03   2.46e-02   1.23e-02   1.15e-01
    1.72e-02   2.21e-02   5.65e-02   7.49e-02   8.48e-02   1.43e-01
    4.79e-02   3.32e-02]
 [  8.55e-03   3.37e-02   1.23e-01   4.61e-02   1.41e-01   1.42e-03
    4.72e-01   2.66e-02   3.51e-02   8.59e-02   9.50e-04   7.12e-03
    1.28e-02   6.17e-03]
 [  2.81e-02   2.25e-01   9.04e-03   5.78e-02   2.65e-02   1.11e-01
    2.97e-02   5.00e-02   2.58e-02   3.10e-02   5.32e-02   1.70e-01
    1.39e-01   4.36e-02]
 [  8.47e-02   2.47e-03   8.32e-02   4.02e-02   8.53e-02   2.43e-02
    1.20e-01   1.11e-01   1.62e-01   2.02e-01   5.97e-03   4.45e-02
    1.03e-02   2.43e-02]
 [  3.05e-02   6.42e-04   5.59e-02   2.41e-02   4.30e-02   5.78e-03
    1.10e-01   3.37e-02   4.01e-02   6.10e-01   3.53e-03   1.38e-02
    8.35e-03   2.06e-02]
 [  2.28e-02   1.90e-03   7.08e-02   1.47e-01   8.07e-02   8.37e-03
    1.35e-01   5.10e-02   1.64e-01   2.23e-01   6.36e-02   1.29e-02
    6.09e-03   1.26e-02]
 [  1.75e-02   8.02e-03   9.99e-02   3.57e-02   1.97e-02   5.84e-03
    1.69e-01   1.08e-01   5.98e-02   3.36e-01   8.75e-03   6.42e-02
    3.36e-02   3.36e-02]
 [  1.10e-02   5.30e-02   2.21e-03   1.77e-02   1.10e-03   2.65e-02
    3.31e-03   5.52e-03   3.31e-03   4.75e-02   1.77e-02   6.29e-02
    7.12e-01   3.64e-02]
 [  8.73e-03   4.37e-03   4.37e-03   5.24e-02   3.49e-02   7.86e-02
    8.73e-03   1.31e-02   4.37e-02   8.73e-03   0.00e+00   1.40e-01
    3.49e-02   5.68e-01]]
File:0
[405  13 136 324 611  38 257 224 288 629  45 117  19  83]   pred: 9   true: 4
File:1
[ 15 610  34 531  98 258  38  17  37  39  39 205 225 125]   pred: 1   true: 3
File:2
[ 18  71 258  97 296   3 994  56  74 181   2  15  27  13]   pred: 6   true: 6
File:3
[  95    2  174   75  134   18  342  105  125 1899   11   43   26   64]   pred: 9   true: 9
File:4
[411  12 404 195 414 118 583 537 788 979  29 216  50 118]   pred: 9   true: 8
File:5
[ 60   5 186 386 212  22 354 134 431 586 167  34  16  33]   pred: 9   true: 10
File:6
[1066    4   12   11   27    8   63   46   26  233    3   81    5   12]   pred: 0   true: 0
File:7
[ 87 696  28 179  82 344  92 155  80  96 165 528 431 135]   pred: 1   true: 7
File:8
[ 52 246   2  20  10  94  14  18  46  61  69 115  39  27]   pred: 1   true: 5
File:9
[ 159 1375   18  174   85  588   73   94   36  328  199  353  303  333]   pred: 1   true: 2
File:10
[ 25 813  41 333  58 283  10  19  34 149 270  67 100  71]   pred: 1   true: 1
File:11
[ 10  48   2  16   1  24   3   5   3  43  16  57 644  33]   pred: 12   true: 12
File:12
[  2   1   1  12   8  18   2   3  10   2   0  32   7 130]   pred: 13   true: 13
File:13
[ 24  11 137  49  27   8 232 148  82 460  12  88  46  46]   pred: 9   true: 11

Document ACC
Doc ACC: 6
Doc ACC: 0.428571428571 (norm)
precision recall fscore support
class 0: (0.31428571428571433, 0.42857142857142855, 0.33333333333333337, None)
class 1: (0.31428571428571433, 0.42857142857142855, 0.33333333333333337, None)
class 2: (0.31428571428571433, 0.42857142857142855, 0.33333333333333337, None)
class 3: (0.31428571428571433, 0.42857142857142855, 0.33333333333333337, None)
class 4: (0.31428571428571433, 0.42857142857142855, 0.33333333333333337, None)
class 5: (0.31428571428571433, 0.42857142857142855, 0.33333333333333337, None)
class 6: (0.31428571428571433, 0.42857142857142855, 0.33333333333333337, None)
class 7: (0.31428571428571433, 0.42857142857142855, 0.33333333333333337, None)
class 8: (0.31428571428571433, 0.42857142857142855, 0.33333333333333337, None)
class 9: (0.31428571428571433, 0.42857142857142855, 0.33333333333333337, None)
class 10: (0.31428571428571433, 0.42857142857142855, 0.33333333333333337, None)
class 11: (0.31428571428571433, 0.42857142857142855, 0.33333333333333337, None)
class 12: (0.31428571428571433, 0.42857142857142855, 0.33333333333333337, None)
class 13: (0.31428571428571433, 0.42857142857142855, 0.33333333333333337, None)
avg : (0.31428571428571433, 0.42857142857142855, 0.33333333333333337, None)


./runs/300d_glove_probI_ba/1473637426/checkpoints/3250
Test for prob: I
Total number of test examples: 32574
ACC	0.218548535642
MSE	24.0745993737
Confusion matrix
[[ 994   11   26    8   41    4   24  107   19  244   14   82   15    9]
 [  15  641   63  106   78   50    5   19   16  144  911   27  140   59]
 [  82 1161   52   60  110   95   28  185   17  348 1010  178  464  329]
 [   6  560   81  214  181   43   18   39   26   48  434  125  360  137]
 [ 239   47  366  183  706   11  145  319  169  639  105  107   51  103]
 [  37  208   11    9   14   22    5   41   32   55  253   52   60   15]
 [  11   98  513   61  232    1  770  113   32  199    6   13   45   12]
 [  64  522   60   54  112   26   40  222   35  113  725  302  695  129]
 [ 169   52  964  115  447   31  239  885  397 1051   92  194  121   98]
 [  34   15  301   54  144    7  211  167   92 1941   26   35   34   53]
 [  22   44  433  275  249    3  188  259  236  583  238   30   38   29]
 [  10   50  360   27   24    3   65  168   23  441   17   69   78   36]
 [   2   30    7    5    1    1    0    4    0   46   54   28  712   16]
 [   0   11    6    2   18    3    1    3    6    2    1   15   20  141]]
Normalized confusion matrix
[[  6.22e-01   6.88e-03   1.63e-02   5.01e-03   2.57e-02   2.50e-03
    1.50e-02   6.70e-02   1.19e-02   1.53e-01   8.76e-03   5.13e-02
    9.39e-03   5.63e-03]
 [  6.60e-03   2.82e-01   2.77e-02   4.66e-02   3.43e-02   2.20e-02
    2.20e-03   8.36e-03   7.04e-03   6.33e-02   4.01e-01   1.19e-02
    6.16e-02   2.59e-02]
 [  1.99e-02   2.82e-01   1.26e-02   1.46e-02   2.67e-02   2.31e-02
    6.80e-03   4.49e-02   4.13e-03   8.45e-02   2.45e-01   4.32e-02
    1.13e-01   7.99e-02]
 [  2.64e-03   2.46e-01   3.57e-02   9.42e-02   7.97e-02   1.89e-02
    7.92e-03   1.72e-02   1.14e-02   2.11e-02   1.91e-01   5.50e-02
    1.58e-01   6.03e-02]
 [  7.49e-02   1.47e-02   1.15e-01   5.74e-02   2.21e-01   3.45e-03
    4.55e-02   1.00e-01   5.30e-02   2.00e-01   3.29e-02   3.35e-02
    1.60e-02   3.23e-02]
 [  4.55e-02   2.56e-01   1.35e-02   1.11e-02   1.72e-02   2.70e-02
    6.14e-03   5.04e-02   3.93e-02   6.76e-02   3.11e-01   6.39e-02
    7.37e-02   1.84e-02]
 [  5.22e-03   4.65e-02   2.44e-01   2.90e-02   1.10e-01   4.75e-04
    3.66e-01   5.37e-02   1.52e-02   9.45e-02   2.85e-03   6.17e-03
    2.14e-02   5.70e-03]
 [  2.07e-02   1.68e-01   1.94e-02   1.74e-02   3.61e-02   8.39e-03
    1.29e-02   7.16e-02   1.13e-02   3.65e-02   2.34e-01   9.75e-02
    2.24e-01   4.16e-02]
 [  3.48e-02   1.07e-02   1.99e-01   2.37e-02   9.21e-02   6.39e-03
    4.92e-02   1.82e-01   8.18e-02   2.16e-01   1.89e-02   4.00e-02
    2.49e-02   2.02e-02]
 [  1.09e-02   4.82e-03   9.67e-02   1.73e-02   4.62e-02   2.25e-03
    6.78e-02   5.36e-02   2.95e-02   6.23e-01   8.35e-03   1.12e-02
    1.09e-02   1.70e-02]
 [  8.37e-03   1.67e-02   1.65e-01   1.05e-01   9.48e-02   1.14e-03
    7.16e-02   9.86e-02   8.98e-02   2.22e-01   9.06e-02   1.14e-02
    1.45e-02   1.10e-02]
 [  7.29e-03   3.65e-02   2.63e-01   1.97e-02   1.75e-02   2.19e-03
    4.74e-02   1.23e-01   1.68e-02   3.22e-01   1.24e-02   5.03e-02
    5.69e-02   2.63e-02]
 [  2.21e-03   3.31e-02   7.73e-03   5.52e-03   1.10e-03   1.10e-03
    0.00e+00   4.42e-03   0.00e+00   5.08e-02   5.96e-02   3.09e-02
    7.86e-01   1.77e-02]
 [  0.00e+00   4.80e-02   2.62e-02   8.73e-03   7.86e-02   1.31e-02
    4.37e-03   1.31e-02   2.62e-02   8.73e-03   4.37e-03   6.55e-02
    8.73e-02   6.16e-01]]
File:0
[239  47 365 183 706  11 145 319 169 639 105 107  51 103]   pred: 4   true: 4
File:1
[  6 560  81 214 181  43  18  39  26  47 434 125 360 137]   pred: 1   true: 3
File:2
[ 11  98 513  61 231   1 770 113  32 199   6  13  45  12]   pred: 6   true: 6
File:3
[  34   15  301   54  144    7  211  167   92 1940   26   35   34   53]   pred: 9   true: 9
File:4
[ 169   52  964  115  447   31  238  885  397 1051   92  194  121   98]   pred: 9   true: 8
File:5
[ 22  44 433 274 249   3 188 259 236 583 238  30  38  29]   pred: 9   true: 10
File:6
[993  11  26   8  41   4  24 107  19 244  14  82  15   9]   pred: 0   true: 0
File:7
[ 64 522  60  54 112  26  40 222  35 113 724 302 695 129]   pred: 10   true: 7
File:8
[ 37 207  11   9  14  22   5  41  32  55 253  52  60  15]   pred: 10   true: 5
File:9
[  82 1161   52   60  110   95   28  185   17  347 1010  178  464  329]   pred: 1   true: 2
File:10
[ 15 641  63 106  78  50   5  19  16 144 910  27 140  59]   pred: 10   true: 1
File:11
[  2  30   7   5   1   1   0   4   0  46  54  28 711  16]   pred: 12   true: 12
File:12
[  0  11   6   2  18   3   1   3   6   2   1  15  19 141]   pred: 13   true: 13
File:13
[ 10  50 359  27  24   3  65 168  23 441  17  69  78  36]   pred: 9   true: 11

Document ACC
Doc ACC: 6
Doc ACC: 0.428571428571 (norm)
precision recall fscore support
class 0: (0.375, 0.42857142857142855, 0.38571428571428573, None)
class 1: (0.375, 0.42857142857142855, 0.38571428571428573, None)
class 2: (0.375, 0.42857142857142855, 0.38571428571428573, None)
class 3: (0.375, 0.42857142857142855, 0.38571428571428573, None)
class 4: (0.375, 0.42857142857142855, 0.38571428571428573, None)
class 5: (0.375, 0.42857142857142855, 0.38571428571428573, None)
class 6: (0.375, 0.42857142857142855, 0.38571428571428573, None)
class 7: (0.375, 0.42857142857142855, 0.38571428571428573, None)
class 8: (0.375, 0.42857142857142855, 0.38571428571428573, None)
class 9: (0.375, 0.42857142857142855, 0.38571428571428573, None)
class 10: (0.375, 0.42857142857142855, 0.38571428571428573, None)
class 11: (0.375, 0.42857142857142855, 0.38571428571428573, None)
class 12: (0.375, 0.42857142857142855, 0.38571428571428573, None)
class 13: (0.375, 0.42857142857142855, 0.38571428571428573, None)
avg : (0.375, 0.42857142857142855, 0.38571428571428573, None)


./runs/300d_glove_probI_ba/1473637426/checkpoints/3500
Test for prob: I
Total number of test examples: 32574
ACC	0.255172837232
MSE	19.8186283539
Confusion matrix
[[1047    8    2    4    9    3   44   79   78  273    2   20   18   11]
 [  19  522   28   58   32  458   17   47   76  158  587    7  145  120]
 [ 129  626   15   30   33  901   59  247  103  388  592   48  462  486]
 [  21  370   25  137   33  537   79   97  132   56  170   49  337  229]
 [ 348   46   67   89  280   23  396  359  695  648   46   18   56  119]
 [  50  128    0    2    2  146   11   51  102   73  115   17   65   52]
 [  19   80   97   25  142    1 1067   71  294  230    1    4   65   10]
 [ 121  296   13   19   22  616  103  318  133  103  349   99  652  255]
 [ 272   30   93   39  129   57  461  759 1772  963   19   34  123  104]
 [  75   14   48   30   59    8  300  197  301 1967    9   14   37   55]
 [  42   30   54   85   66   17  326  162 1043  547  151   13   54   37]
 [  16   28   17   12    6    4  188  147  319  445    9   22   98   60]
 [   5   14    0    1    0   30    1    9    7   46   27    1  722   43]
 [   2    4    1    1    2    8    4   11   24    2    0    2   22  146]]
Normalized confusion matrix
[[  6.55e-01   5.01e-03   1.25e-03   2.50e-03   5.63e-03   1.88e-03
    2.75e-02   4.94e-02   4.88e-02   1.71e-01   1.25e-03   1.25e-02
    1.13e-02   6.88e-03]
 [  8.36e-03   2.30e-01   1.23e-02   2.55e-02   1.41e-02   2.01e-01
    7.48e-03   2.07e-02   3.34e-02   6.95e-02   2.58e-01   3.08e-03
    6.38e-02   5.28e-02]
 [  3.13e-02   1.52e-01   3.64e-03   7.28e-03   8.01e-03   2.19e-01
    1.43e-02   6.00e-02   2.50e-02   9.42e-02   1.44e-01   1.17e-02
    1.12e-01   1.18e-01]
 [  9.24e-03   1.63e-01   1.10e-02   6.03e-02   1.45e-02   2.36e-01
    3.48e-02   4.27e-02   5.81e-02   2.46e-02   7.48e-02   2.16e-02
    1.48e-01   1.01e-01]
 [  1.09e-01   1.44e-02   2.10e-02   2.79e-02   8.78e-02   7.21e-03
    1.24e-01   1.13e-01   2.18e-01   2.03e-01   1.44e-02   5.64e-03
    1.76e-02   3.73e-02]
 [  6.14e-02   1.57e-01   0.00e+00   2.46e-03   2.46e-03   1.79e-01
    1.35e-02   6.27e-02   1.25e-01   8.97e-02   1.41e-01   2.09e-02
    7.99e-02   6.39e-02]
 [  9.02e-03   3.80e-02   4.61e-02   1.19e-02   6.74e-02   4.75e-04
    5.07e-01   3.37e-02   1.40e-01   1.09e-01   4.75e-04   1.90e-03
    3.09e-02   4.75e-03]
 [  3.90e-02   9.55e-02   4.19e-03   6.13e-03   7.10e-03   1.99e-01
    3.32e-02   1.03e-01   4.29e-02   3.32e-02   1.13e-01   3.19e-02
    2.10e-01   8.23e-02]
 [  5.60e-02   6.18e-03   1.92e-02   8.03e-03   2.66e-02   1.17e-02
    9.50e-02   1.56e-01   3.65e-01   1.98e-01   3.91e-03   7.00e-03
    2.53e-02   2.14e-02]
 [  2.41e-02   4.50e-03   1.54e-02   9.63e-03   1.89e-02   2.57e-03
    9.63e-02   6.33e-02   9.67e-02   6.32e-01   2.89e-03   4.50e-03
    1.19e-02   1.77e-02]
 [  1.60e-02   1.14e-02   2.06e-02   3.24e-02   2.51e-02   6.47e-03
    1.24e-01   6.17e-02   3.97e-01   2.08e-01   5.75e-02   4.95e-03
    2.06e-02   1.41e-02]
 [  1.17e-02   2.04e-02   1.24e-02   8.75e-03   4.38e-03   2.92e-03
    1.37e-01   1.07e-01   2.33e-01   3.25e-01   6.56e-03   1.60e-02
    7.15e-02   4.38e-02]
 [  5.52e-03   1.55e-02   0.00e+00   1.10e-03   0.00e+00   3.31e-02
    1.10e-03   9.93e-03   7.73e-03   5.08e-02   2.98e-02   1.10e-03
    7.97e-01   4.75e-02]
 [  8.73e-03   1.75e-02   4.37e-03   4.37e-03   8.73e-03   3.49e-02
    1.75e-02   4.80e-02   1.05e-01   8.73e-03   0.00e+00   8.73e-03
    9.61e-02   6.38e-01]]
File:0
[348  46  67  89 280  23 395 359 695 648  46  18  56 119]   pred: 8   true: 4
File:1
[ 21 370  25 137  33 537  79  97 132  55 170  49 337 229]   pred: 5   true: 3
File:2
[  19   80   97   25  141    1 1067   71  294  230    1    4   65   10]   pred: 6   true: 6
File:3
[  75   14   48   30   59    8  300  197  301 1966    9   14   37   55]   pred: 9   true: 9
File:4
[ 272   30   93   39  129   57  460  759 1772  963   19   34  123  104]   pred: 8   true: 8
File:5
[  42   30   54   85   66   17  325  162 1043  547  151   13   54   37]   pred: 8   true: 10
File:6
[1046    8    2    4    9    3   44   79   78  273    2   20   18   11]   pred: 0   true: 0
File:7
[121 295  13  19  22 616 103 318 133 103 349  99 652 255]   pred: 12   true: 7
File:8
[ 50 128   0   2   2 146  11  51 102  73 115  17  65  51]   pred: 5   true: 5
File:9
[129 626  15  30  33 901  59 247 103 387 592  48 462 486]   pred: 5   true: 2
File:10
[ 19 521  28  58  32 458  17  47  76 158 587   7 145 120]   pred: 10   true: 1
File:11
[  5  14   0   1   0  30   1   9   7  46  27   1 721  43]   pred: 12   true: 12
File:12
[  2   4   1   1   2   8   4  11  24   2   0   2  21 146]   pred: 13   true: 13
File:13
[ 16  28  17  12   6   4 188 147 318 445   9  22  98  60]   pred: 9   true: 11

Document ACC
Doc ACC: 7
Doc ACC: 0.5 (norm)
precision recall fscore support
class 0: (0.33333333333333331, 0.5, 0.38095238095238093, None)
class 1: (0.33333333333333331, 0.5, 0.38095238095238093, None)
class 2: (0.33333333333333331, 0.5, 0.38095238095238093, None)
class 3: (0.33333333333333331, 0.5, 0.38095238095238093, None)
class 4: (0.33333333333333331, 0.5, 0.38095238095238093, None)
class 5: (0.33333333333333331, 0.5, 0.38095238095238093, None)
class 6: (0.33333333333333331, 0.5, 0.38095238095238093, None)
class 7: (0.33333333333333331, 0.5, 0.38095238095238093, None)
class 8: (0.33333333333333331, 0.5, 0.38095238095238093, None)
class 9: (0.33333333333333331, 0.5, 0.38095238095238093, None)
class 10: (0.33333333333333331, 0.5, 0.38095238095238093, None)
class 11: (0.33333333333333331, 0.5, 0.38095238095238093, None)
class 12: (0.33333333333333331, 0.5, 0.38095238095238093, None)
class 13: (0.33333333333333331, 0.5, 0.38095238095238093, None)
avg : (0.33333333333333331, 0.5, 0.38095238095238093, None)


===== Filter Size: 100
===== L2 Norm: 0.9
===== Drop Out: 0.75


./runs/300d_glove_probI_ba/1473638591/checkpoints/2000
Test for prob: I
Total number of test examples: 32574
ACC	0.233407011727
MSE	23.4273960828
Confusion matrix
[[1101    0   14    7    9    2   31   33   13  315    3   42   10   18]
 [  37  412   56  303   27  225   14   15   67  168  646   23  191   90]
 [ 211  856   44  122   50  601   35  107   32  369  560  126  556  450]
 [  30  252   72  502   55  160   34   20   43   37  252  108  535  172]
 [ 434    2  261  190  360    5  273  121  325  889   20   64   48  198]
 [  83  147    8   11    1   96    6   26   50   68  191   36   70   21]
 [  14   30  492   70  173    1  782   29  100  349    1    4   44   17]
 [ 181  322   60  129   55  313   66  187   41  109  430  177  869  160]
 [ 467    3  709  115  180    8  397  341  728 1519   20   81  102  185]
 [  96    0  193   27   44    2  201   57   55 2314    7   21   33   64]
 [  77    0  338  257   46    2  267   43  528  850  114   17   40   48]
 [  21    0  234   49    4    0  118   74   45  627    8   42   94   55]
 [  10   18    6    5    1   21    0    6    0   47   28    7  743   14]
 [   3    0    0    3    9    4    1    3    6    1    0    3   18  178]]
Normalized confusion matrix
[[  6.89e-01   0.00e+00   8.76e-03   4.38e-03   5.63e-03   1.25e-03
    1.94e-02   2.07e-02   8.14e-03   1.97e-01   1.88e-03   2.63e-02
    6.26e-03   1.13e-02]
 [  1.63e-02   1.81e-01   2.46e-02   1.33e-01   1.19e-02   9.89e-02
    6.16e-03   6.60e-03   2.95e-02   7.39e-02   2.84e-01   1.01e-02
    8.40e-02   3.96e-02]
 [  5.12e-02   2.08e-01   1.07e-02   2.96e-02   1.21e-02   1.46e-01
    8.50e-03   2.60e-02   7.77e-03   8.96e-02   1.36e-01   3.06e-02
    1.35e-01   1.09e-01]
 [  1.32e-02   1.11e-01   3.17e-02   2.21e-01   2.42e-02   7.04e-02
    1.50e-02   8.80e-03   1.89e-02   1.63e-02   1.11e-01   4.75e-02
    2.35e-01   7.57e-02]
 [  1.36e-01   6.27e-04   8.18e-02   5.96e-02   1.13e-01   1.57e-03
    8.56e-02   3.79e-02   1.02e-01   2.79e-01   6.27e-03   2.01e-02
    1.50e-02   6.21e-02]
 [  1.02e-01   1.81e-01   9.83e-03   1.35e-02   1.23e-03   1.18e-01
    7.37e-03   3.19e-02   6.14e-02   8.35e-02   2.35e-01   4.42e-02
    8.60e-02   2.58e-02]
 [  6.65e-03   1.42e-02   2.34e-01   3.32e-02   8.21e-02   4.75e-04
    3.71e-01   1.38e-02   4.75e-02   1.66e-01   4.75e-04   1.90e-03
    2.09e-02   8.07e-03]
 [  5.84e-02   1.04e-01   1.94e-02   4.16e-02   1.77e-02   1.01e-01
    2.13e-02   6.03e-02   1.32e-02   3.52e-02   1.39e-01   5.71e-02
    2.80e-01   5.16e-02]
 [  9.62e-02   6.18e-04   1.46e-01   2.37e-02   3.71e-02   1.65e-03
    8.18e-02   7.02e-02   1.50e-01   3.13e-01   4.12e-03   1.67e-02
    2.10e-02   3.81e-02]
 [  3.08e-02   0.00e+00   6.20e-02   8.67e-03   1.41e-02   6.42e-04
    6.45e-02   1.83e-02   1.77e-02   7.43e-01   2.25e-03   6.74e-03
    1.06e-02   2.06e-02]
 [  2.93e-02   0.00e+00   1.29e-01   9.78e-02   1.75e-02   7.61e-04
    1.02e-01   1.64e-02   2.01e-01   3.24e-01   4.34e-02   6.47e-03
    1.52e-02   1.83e-02]
 [  1.53e-02   0.00e+00   1.71e-01   3.57e-02   2.92e-03   0.00e+00
    8.61e-02   5.40e-02   3.28e-02   4.57e-01   5.84e-03   3.06e-02
    6.86e-02   4.01e-02]
 [  1.10e-02   1.99e-02   6.62e-03   5.52e-03   1.10e-03   2.32e-02
    0.00e+00   6.62e-03   0.00e+00   5.19e-02   3.09e-02   7.73e-03
    8.20e-01   1.55e-02]
 [  1.31e-02   0.00e+00   0.00e+00   1.31e-02   3.93e-02   1.75e-02
    4.37e-03   1.31e-02   2.62e-02   4.37e-03   0.00e+00   1.31e-02
    7.86e-02   7.77e-01]]
File:0
[434   2 261 190 360   5 273 121 325 888  20  64  48 198]   pred: 9   true: 4
File:1
[ 30 252  72 502  55 160  34  20  43  36 252 108 535 172]   pred: 12   true: 3
File:2
[ 14  30 492  70 172   1 782  29 100 349   1   4  44  17]   pred: 6   true: 6
File:3
[  96    0  193   27   44    2  201   57   55 2313    7   21   33   64]   pred: 9   true: 9
File:4
[ 467    3  709  115  180    8  396  341  728 1519   20   81  102  185]   pred: 9   true: 8
File:5
[ 77   0 338 256  46   2 267  43 528 850 114  17  40  48]   pred: 9   true: 10
File:6
[1100    0   14    7    9    2   31   33   13  315    3   42   10   18]   pred: 0   true: 0
File:7
[181 321  60 129  55 313  66 187  41 109 430 177 869 160]   pred: 12   true: 7
File:8
[ 83 147   8  11   1  96   6  26  50  68 191  36  69  21]   pred: 10   true: 5
File:9
[211 856  44 122  50 601  35 107  32 368 560 126 556 450]   pred: 1   true: 2
File:10
[ 37 412  56 303  27 224  14  15  67 168 646  23 191  90]   pred: 10   true: 1
File:11
[ 10  18   6   5   1  21   0   6   0  47  28   7 742  14]   pred: 12   true: 12
File:12
[  3   0   0   3   9   4   1   3   6   1   0   3  17 178]   pred: 13   true: 13
File:13
[ 21   0 234  49   4   0 118  74  45 626   8  42  94  55]   pred: 9   true: 11

Document ACC
Doc ACC: 5
Doc ACC: 0.357142857143 (norm)
precision recall fscore support
class 0: (0.25238095238095243, 0.35714285714285715, 0.27380952380952384, None)
class 1: (0.25238095238095243, 0.35714285714285715, 0.27380952380952384, None)
class 2: (0.25238095238095243, 0.35714285714285715, 0.27380952380952384, None)
class 3: (0.25238095238095243, 0.35714285714285715, 0.27380952380952384, None)
class 4: (0.25238095238095243, 0.35714285714285715, 0.27380952380952384, None)
class 5: (0.25238095238095243, 0.35714285714285715, 0.27380952380952384, None)
class 6: (0.25238095238095243, 0.35714285714285715, 0.27380952380952384, None)
class 7: (0.25238095238095243, 0.35714285714285715, 0.27380952380952384, None)
class 8: (0.25238095238095243, 0.35714285714285715, 0.27380952380952384, None)
class 9: (0.25238095238095243, 0.35714285714285715, 0.27380952380952384, None)
class 10: (0.25238095238095243, 0.35714285714285715, 0.27380952380952384, None)
class 11: (0.25238095238095243, 0.35714285714285715, 0.27380952380952384, None)
class 12: (0.25238095238095243, 0.35714285714285715, 0.27380952380952384, None)
class 13: (0.25238095238095243, 0.35714285714285715, 0.27380952380952384, None)
avg : (0.25238095238095243, 0.35714285714285715, 0.27380952380952384, None)


./runs/300d_glove_probI_ba/1473638591/checkpoints/2250
Test for prob: I
Total number of test examples: 32574
ACC	0.234941978265
MSE	30.2860870633
Confusion matrix
[[1082    0    2    4   27    1   42   66   26  242    5   64    7   30]
 [  14  210   23  318   83   85   21   17   49  153  426   16   99  760]
 [ 124  316   15  115  104  143   46  135   28  348  446  141  385 1773]
 [   7   85   11  442  113   48   52   37   20   38  189   93  211  926]
 [ 294    2  104  207  599    2  321  197  422  639   33   79   29  262]
 [  51   70    2   15    4   39    7   51   49   58  125   37   31  275]
 [  19   49  164   56  288    1 1103   50   79  242    2    4   29   20]
 [ 116  116   24  106  138   70   79  208   15   91  232  177  414 1313]
 [ 355    4  235  136  393    9  534  740  925 1001   36  108   63  316]
 [  75    1   79   37  103    3  300  200  120 2032   17   22   30   95]
 [  38    0  162  289  130    3  464   91  569  592  151   20   24   94]
 [  25    1   70   61   23    4  228  181   92  447    9   52   65  113]
 [   6    6    5    7    1    4    0    7    0   47   17   16  589  201]
 [   0    0    0    4   11    0    1    1    1    1    0    2    2  206]]
Normalized confusion matrix
[[  6.77e-01   0.00e+00   1.25e-03   2.50e-03   1.69e-02   6.26e-04
    2.63e-02   4.13e-02   1.63e-02   1.51e-01   3.13e-03   4.01e-02
    4.38e-03   1.88e-02]
 [  6.16e-03   9.23e-02   1.01e-02   1.40e-01   3.65e-02   3.74e-02
    9.23e-03   7.48e-03   2.15e-02   6.73e-02   1.87e-01   7.04e-03
    4.35e-02   3.34e-01]
 [  3.01e-02   7.67e-02   3.64e-03   2.79e-02   2.52e-02   3.47e-02
    1.12e-02   3.28e-02   6.80e-03   8.45e-02   1.08e-01   3.42e-02
    9.35e-02   4.30e-01]
 [  3.08e-03   3.74e-02   4.84e-03   1.95e-01   4.97e-02   2.11e-02
    2.29e-02   1.63e-02   8.80e-03   1.67e-02   8.32e-02   4.09e-02
    9.29e-02   4.08e-01]
 [  9.22e-02   6.27e-04   3.26e-02   6.49e-02   1.88e-01   6.27e-04
    1.01e-01   6.18e-02   1.32e-01   2.00e-01   1.03e-02   2.48e-02
    9.09e-03   8.21e-02]
 [  6.27e-02   8.60e-02   2.46e-03   1.84e-02   4.91e-03   4.79e-02
    8.60e-03   6.27e-02   6.02e-02   7.13e-02   1.54e-01   4.55e-02
    3.81e-02   3.38e-01]
 [  9.02e-03   2.33e-02   7.79e-02   2.66e-02   1.37e-01   4.75e-04
    5.24e-01   2.37e-02   3.75e-02   1.15e-01   9.50e-04   1.90e-03
    1.38e-02   9.50e-03]
 [  3.74e-02   3.74e-02   7.74e-03   3.42e-02   4.45e-02   2.26e-02
    2.55e-02   6.71e-02   4.84e-03   2.94e-02   7.49e-02   5.71e-02
    1.34e-01   4.24e-01]
 [  7.31e-02   8.24e-04   4.84e-02   2.80e-02   8.09e-02   1.85e-03
    1.10e-01   1.52e-01   1.91e-01   2.06e-01   7.42e-03   2.22e-02
    1.30e-02   6.51e-02]
 [  2.41e-02   3.21e-04   2.54e-02   1.19e-02   3.31e-02   9.63e-04
    9.63e-02   6.42e-02   3.85e-02   6.53e-01   5.46e-03   7.06e-03
    9.63e-03   3.05e-02]
 [  1.45e-02   0.00e+00   6.17e-02   1.10e-01   4.95e-02   1.14e-03
    1.77e-01   3.46e-02   2.17e-01   2.25e-01   5.75e-02   7.61e-03
    9.14e-03   3.58e-02]
 [  1.82e-02   7.29e-04   5.11e-02   4.45e-02   1.68e-02   2.92e-03
    1.66e-01   1.32e-01   6.71e-02   3.26e-01   6.56e-03   3.79e-02
    4.74e-02   8.24e-02]
 [  6.62e-03   6.62e-03   5.52e-03   7.73e-03   1.10e-03   4.42e-03
    0.00e+00   7.73e-03   0.00e+00   5.19e-02   1.88e-02   1.77e-02
    6.50e-01   2.22e-01]
 [  0.00e+00   0.00e+00   0.00e+00   1.75e-02   4.80e-02   0.00e+00
    4.37e-03   4.37e-03   4.37e-03   4.37e-03   0.00e+00   8.73e-03
    8.73e-03   9.00e-01]]
File:0
[294   2 104 207 599   2 321 197 422 639  33  79  29 261]   pred: 9   true: 4
File:1
[  7  85  11 442 113  48  52  37  20  37 189  93 211 926]   pred: 13   true: 3
File:2
[  19   49  164   56  287    1 1103   50   79  242    2    4   29   20]   pred: 6   true: 6
File:3
[  75    1   79   37  103    3  300  200  120 2031   17   22   30   95]   pred: 9   true: 9
File:4
[ 355    4  235  136  393    9  533  740  925 1001   36  108   63  316]   pred: 9   true: 8
File:5
[ 38   0 162 288 130   3 464  91 569 592 151  20  24  94]   pred: 9   true: 10
File:6
[1081    0    2    4   27    1   42   66   26  242    5   64    7   30]   pred: 0   true: 0
File:7
[ 116  116   24  106  138   70   79  208   15   91  232  177  414 1312]   pred: 13   true: 7
File:8
[ 51  70   2  15   4  39   7  51  49  58 125  37  31 274]   pred: 13   true: 5
File:9
[ 124  316   15  115  104  143   46  135   28  347  446  141  385 1773]   pred: 13   true: 2
File:10
[ 14 210  23 318  83  85  21  17  49 153 426  16  99 759]   pred: 13   true: 1
File:11
[  6   6   5   7   1   4   0   7   0  47  17  16 588 201]   pred: 12   true: 12
File:12
[  0   0   0   4  11   0   1   1   1   1   0   2   1 206]   pred: 13   true: 13
File:13
[ 25   1  70  61  23   4 228 180  92 447   9  52  65 113]   pred: 9   true: 11

Document ACC
Doc ACC: 5
Doc ACC: 0.357142857143 (norm)
precision recall fscore support
class 0: (0.24047619047619048, 0.35714285714285715, 0.25850340136054423, None)
class 1: (0.24047619047619048, 0.35714285714285715, 0.25850340136054423, None)
class 2: (0.24047619047619048, 0.35714285714285715, 0.25850340136054423, None)
class 3: (0.24047619047619048, 0.35714285714285715, 0.25850340136054423, None)
class 4: (0.24047619047619048, 0.35714285714285715, 0.25850340136054423, None)
class 5: (0.24047619047619048, 0.35714285714285715, 0.25850340136054423, None)
class 6: (0.24047619047619048, 0.35714285714285715, 0.25850340136054423, None)
class 7: (0.24047619047619048, 0.35714285714285715, 0.25850340136054423, None)
class 8: (0.24047619047619048, 0.35714285714285715, 0.25850340136054423, None)
class 9: (0.24047619047619048, 0.35714285714285715, 0.25850340136054423, None)
class 10: (0.24047619047619048, 0.35714285714285715, 0.25850340136054423, None)
class 11: (0.24047619047619048, 0.35714285714285715, 0.25850340136054423, None)
class 12: (0.24047619047619048, 0.35714285714285715, 0.25850340136054423, None)
class 13: (0.24047619047619048, 0.35714285714285715, 0.25850340136054423, None)
avg : (0.24047619047619048, 0.35714285714285715, 0.25850340136054423, None)


./runs/300d_glove_probI_ba/1473638591/checkpoints/2500
Test for prob: I
Total number of test examples: 32574
ACC	0.234880579603
MSE	23.5378215755
Confusion matrix
[[1111    3    2   10   21    1   36   57    6  295    0   40   11    5]
 [  22  500   14  333   54   56   15   29   24  167  698   17  140  205]
 [ 176  935    8  172   83  121   58  173   27  429  707  132  443  655]
 [  17  306    4  602   63   29   56   46   17   44  334   94  378  282]
 [ 388   25   50  471  488    5  300  331  114  840   16   51   51   60]
 [  64  191    2   24    2   28   13   43   31   77  180   41   48   70]
 [  17   91   80  120  311    1 1037  106   33  271    0    2   36    1]
 [ 154  375   22  170   67   33   97  293    8  120  459  208  669  424]
 [ 441   21  154  378  327    6  483 1125  334 1339   10   75  102   60]
 [  73    7   61   71  101    3  233  194   61 2235    6   16   31   22]
 [  66   15  100  611  142    6  401  266  173  676  110   20   33    8]
 [  35   10   41  108   14    2  179  258   18  536    5   43  106   16]
 [   9   15    2    6    4    2    4    9    0   46   44   11  721   33]
 [  11    0    0   17   14    1    6    8    4    2    0    2   23  141]]
Normalized confusion matrix
[[  6.95e-01   1.88e-03   1.25e-03   6.26e-03   1.31e-02   6.26e-04
    2.25e-02   3.57e-02   3.75e-03   1.85e-01   0.00e+00   2.50e-02
    6.88e-03   3.13e-03]
 [  9.67e-03   2.20e-01   6.16e-03   1.46e-01   2.37e-02   2.46e-02
    6.60e-03   1.28e-02   1.06e-02   7.34e-02   3.07e-01   7.48e-03
    6.16e-02   9.01e-02]
 [  4.27e-02   2.27e-01   1.94e-03   4.18e-02   2.02e-02   2.94e-02
    1.41e-02   4.20e-02   6.55e-03   1.04e-01   1.72e-01   3.20e-02
    1.08e-01   1.59e-01]
 [  7.48e-03   1.35e-01   1.76e-03   2.65e-01   2.77e-02   1.28e-02
    2.46e-02   2.02e-02   7.48e-03   1.94e-02   1.47e-01   4.14e-02
    1.66e-01   1.24e-01]
 [  1.22e-01   7.84e-03   1.57e-02   1.48e-01   1.53e-01   1.57e-03
    9.40e-02   1.04e-01   3.57e-02   2.63e-01   5.02e-03   1.60e-02
    1.60e-02   1.88e-02]
 [  7.86e-02   2.35e-01   2.46e-03   2.95e-02   2.46e-03   3.44e-02
    1.60e-02   5.28e-02   3.81e-02   9.46e-02   2.21e-01   5.04e-02
    5.90e-02   8.60e-02]
 [  8.07e-03   4.32e-02   3.80e-02   5.70e-02   1.48e-01   4.75e-04
    4.92e-01   5.03e-02   1.57e-02   1.29e-01   0.00e+00   9.50e-04
    1.71e-02   4.75e-04]
 [  4.97e-02   1.21e-01   7.10e-03   5.49e-02   2.16e-02   1.06e-02
    3.13e-02   9.45e-02   2.58e-03   3.87e-02   1.48e-01   6.71e-02
    2.16e-01   1.37e-01]
 [  9.08e-02   4.33e-03   3.17e-02   7.79e-02   6.74e-02   1.24e-03
    9.95e-02   2.32e-01   6.88e-02   2.76e-01   2.06e-03   1.54e-02
    2.10e-02   1.24e-02]
 [  2.34e-02   2.25e-03   1.96e-02   2.28e-02   3.24e-02   9.63e-04
    7.48e-02   6.23e-02   1.96e-02   7.18e-01   1.93e-03   5.14e-03
    9.96e-03   7.06e-03]
 [  2.51e-02   5.71e-03   3.81e-02   2.33e-01   5.41e-02   2.28e-03
    1.53e-01   1.01e-01   6.59e-02   2.57e-01   4.19e-02   7.61e-03
    1.26e-02   3.05e-03]
 [  2.55e-02   7.29e-03   2.99e-02   7.88e-02   1.02e-02   1.46e-03
    1.31e-01   1.88e-01   1.31e-02   3.91e-01   3.65e-03   3.14e-02
    7.73e-02   1.17e-02]
 [  9.93e-03   1.66e-02   2.21e-03   6.62e-03   4.42e-03   2.21e-03
    4.42e-03   9.93e-03   0.00e+00   5.08e-02   4.86e-02   1.21e-02
    7.96e-01   3.64e-02]
 [  4.80e-02   0.00e+00   0.00e+00   7.42e-02   6.11e-02   4.37e-03
    2.62e-02   3.49e-02   1.75e-02   8.73e-03   0.00e+00   8.73e-03
    1.00e-01   6.16e-01]]
File:0
[388  25  50 471 488   5 299 331 114 840  16  51  51  60]   pred: 9   true: 4
File:1
[ 17 306   4 602  63  29  56  46  17  43 334  94 378 282]   pred: 3   true: 3
File:2
[  17   91   80  120  310    1 1037  106   33  271    0    2   36    1]   pred: 6   true: 6
File:3
[  73    7   61   71  101    3  233  194   61 2234    6   16   31   22]   pred: 9   true: 9
File:4
[ 441   21  154  378  327    6  482 1125  334 1339   10   75  102   60]   pred: 9   true: 8
File:5
[ 66  15 100 610 142   6 401 266 173 676 110  20  33   8]   pred: 9   true: 10
File:6
[1110    3    2   10   21    1   36   57    6  295    0   40   11    5]   pred: 0   true: 0
File:7
[154 374  22 170  67  33  97 293   8 120 459 208 669 424]   pred: 12   true: 7
File:8
[ 64 191   2  24   2  28  13  43  31  77 180  41  47  70]   pred: 1   true: 5
File:9
[176 935   8 172  83 121  58 173  27 428 707 132 443 655]   pred: 1   true: 2
File:10
[ 22 500  14 333  54  56  15  29  24 167 698  16 140 205]   pred: 10   true: 1
File:11
[  9  15   2   6   4   2   4   9   0  46  44  11 720  33]   pred: 12   true: 12
File:12
[ 11   0   0  17  14   1   6   8   4   2   0   2  22 141]   pred: 13   true: 13
File:13
[ 35  10  41 108  14   2 179 257  18 536   5  43 106  16]   pred: 9   true: 11

Document ACC
Doc ACC: 6
Doc ACC: 0.428571428571 (norm)
precision recall fscore support
class 0: (0.33571428571428574, 0.42857142857142855, 0.35714285714285715, None)
class 1: (0.33571428571428574, 0.42857142857142855, 0.35714285714285715, None)
class 2: (0.33571428571428574, 0.42857142857142855, 0.35714285714285715, None)
class 3: (0.33571428571428574, 0.42857142857142855, 0.35714285714285715, None)
class 4: (0.33571428571428574, 0.42857142857142855, 0.35714285714285715, None)
class 5: (0.33571428571428574, 0.42857142857142855, 0.35714285714285715, None)
class 6: (0.33571428571428574, 0.42857142857142855, 0.35714285714285715, None)
class 7: (0.33571428571428574, 0.42857142857142855, 0.35714285714285715, None)
class 8: (0.33571428571428574, 0.42857142857142855, 0.35714285714285715, None)
class 9: (0.33571428571428574, 0.42857142857142855, 0.35714285714285715, None)
class 10: (0.33571428571428574, 0.42857142857142855, 0.35714285714285715, None)
class 11: (0.33571428571428574, 0.42857142857142855, 0.35714285714285715, None)
class 12: (0.33571428571428574, 0.42857142857142855, 0.35714285714285715, None)
class 13: (0.33571428571428574, 0.42857142857142855, 0.35714285714285715, None)
avg : (0.33571428571428574, 0.42857142857142855, 0.35714285714285715, None)


./runs/300d_glove_probI_ba/1473638591/checkpoints/2750
Test for prob: I
Total number of test examples: 32574
ACC	0.251335420888
MSE	21.7528089888
Confusion matrix
[[1087    0    3    2   39    2   56   17   10  331    2   33    4   12]
 [  18  642   12  242   98   54   22    8   56  200  609   20   72  221]
 [ 140 1095   13  107  150  149   73   63   40  505  641  111  292  740]
 [  14  517    4  415  228   39   79   18   43   61  301  103  165  285]
 [ 339    9   36   95  862    0  381   71  174  983   49   49   14  128]
 [  65  210    3   11   12   34   15    9   53  102  172   37   19   72]
 [  18   86   66   34  401    1 1118   13   47  287    2    3   19   11]
 [ 145  556   16  116  184   68  139  165   32  159  469  223  402  425]
 [ 407   13   86   51  727    4  754  242  475 1799   25   77   32  163]
 [  46    4   35   21  144    2  326   45   80 2319   16   17   20   39]
 [  46    7   77  171  404    3  508   28  285  852  167   24   12   43]
 [  35    5   27   26   53    1  281   71   27  665   13   52   54   61]
 [  10   31    2    7   10    4    3    5    0   55   53   10  646   70]
 [   3    1    0    2   16    0    1    3    5    1    0    2    3  192]]
Normalized confusion matrix
[[  6.80e-01   0.00e+00   1.88e-03   1.25e-03   2.44e-02   1.25e-03
    3.50e-02   1.06e-02   6.26e-03   2.07e-01   1.25e-03   2.07e-02
    2.50e-03   7.51e-03]
 [  7.92e-03   2.82e-01   5.28e-03   1.06e-01   4.31e-02   2.37e-02
    9.67e-03   3.52e-03   2.46e-02   8.80e-02   2.68e-01   8.80e-03
    3.17e-02   9.72e-02]
 [  3.40e-02   2.66e-01   3.16e-03   2.60e-02   3.64e-02   3.62e-02
    1.77e-02   1.53e-02   9.71e-03   1.23e-01   1.56e-01   2.69e-02
    7.09e-02   1.80e-01]
 [  6.16e-03   2.28e-01   1.76e-03   1.83e-01   1.00e-01   1.72e-02
    3.48e-02   7.92e-03   1.89e-02   2.68e-02   1.32e-01   4.53e-02
    7.26e-02   1.25e-01]
 [  1.06e-01   2.82e-03   1.13e-02   2.98e-02   2.70e-01   0.00e+00
    1.19e-01   2.23e-02   5.45e-02   3.08e-01   1.54e-02   1.54e-02
    4.39e-03   4.01e-02]
 [  7.99e-02   2.58e-01   3.69e-03   1.35e-02   1.47e-02   4.18e-02
    1.84e-02   1.11e-02   6.51e-02   1.25e-01   2.11e-01   4.55e-02
    2.33e-02   8.85e-02]
 [  8.55e-03   4.08e-02   3.13e-02   1.61e-02   1.90e-01   4.75e-04
    5.31e-01   6.17e-03   2.23e-02   1.36e-01   9.50e-04   1.42e-03
    9.02e-03   5.22e-03]
 [  4.68e-02   1.79e-01   5.16e-03   3.74e-02   5.94e-02   2.19e-02
    4.49e-02   5.32e-02   1.03e-02   5.13e-02   1.51e-01   7.20e-02
    1.30e-01   1.37e-01]
 [  8.38e-02   2.68e-03   1.77e-02   1.05e-02   1.50e-01   8.24e-04
    1.55e-01   4.98e-02   9.78e-02   3.71e-01   5.15e-03   1.59e-02
    6.59e-03   3.36e-02]
 [  1.48e-02   1.28e-03   1.12e-02   6.74e-03   4.62e-02   6.42e-04
    1.05e-01   1.45e-02   2.57e-02   7.45e-01   5.14e-03   5.46e-03
    6.42e-03   1.25e-02]
 [  1.75e-02   2.66e-03   2.93e-02   6.51e-02   1.54e-01   1.14e-03
    1.93e-01   1.07e-02   1.08e-01   3.24e-01   6.36e-02   9.14e-03
    4.57e-03   1.64e-02]
 [  2.55e-02   3.65e-03   1.97e-02   1.90e-02   3.87e-02   7.29e-04
    2.05e-01   5.18e-02   1.97e-02   4.85e-01   9.48e-03   3.79e-02
    3.94e-02   4.45e-02]
 [  1.10e-02   3.42e-02   2.21e-03   7.73e-03   1.10e-02   4.42e-03
    3.31e-03   5.52e-03   0.00e+00   6.07e-02   5.85e-02   1.10e-02
    7.13e-01   7.73e-02]
 [  1.31e-02   4.37e-03   0.00e+00   8.73e-03   6.99e-02   0.00e+00
    4.37e-03   1.31e-02   2.18e-02   4.37e-03   0.00e+00   8.73e-03
    1.31e-02   8.38e-01]]
File:0
[339   9  36  95 862   0 381  71 174 982  49  49  14 128]   pred: 9   true: 4
File:1
[ 14 517   4 415 228  39  79  18  43  60 301 103 165 285]   pred: 1   true: 3
File:2
[  18   86   66   34  400    1 1118   13   47  287    2    3   19   11]   pred: 6   true: 6
File:3
[  46    4   35   21  144    2  325   45   80 2319   16   17   20   39]   pred: 9   true: 9
File:4
[ 407   13   86   51  727    4  753  242  475 1799   25   77   32  163]   pred: 9   true: 8
File:5
[ 46   7  77 170 404   3 508  28 285 852 167  24  12  43]   pred: 9   true: 10
File:6
[1086    0    3    2   39    2   56   17   10  331    2   33    4   12]   pred: 0   true: 0
File:7
[145 555  16 116 184  68 139 165  32 159 469 223 402 425]   pred: 1   true: 7
File:8
[ 65 209   3  11  12  34  15   9  53 102 172  37  19  72]   pred: 1   true: 5
File:9
[ 140 1095   13  107  150  149   73   63   40  504  641  111  292  740]   pred: 1   true: 2
File:10
[ 18 642  12 242  98  54  22   8  56 200 609  20  72 220]   pred: 1   true: 1
File:11
[ 10  31   2   7  10   4   3   5   0  55  53  10 645  70]   pred: 12   true: 12
File:12
[  3   1   0   2  16   0   1   3   5   1   0   2   3 191]   pred: 13   true: 13
File:13
[ 35   5  27  26  53   1 281  71  27 664  13  52  54  61]   pred: 9   true: 11

Document ACC
Doc ACC: 6
Doc ACC: 0.428571428571 (norm)
precision recall fscore support
class 0: (0.31428571428571433, 0.42857142857142855, 0.33333333333333337, None)
class 1: (0.31428571428571433, 0.42857142857142855, 0.33333333333333337, None)
class 2: (0.31428571428571433, 0.42857142857142855, 0.33333333333333337, None)
class 3: (0.31428571428571433, 0.42857142857142855, 0.33333333333333337, None)
class 4: (0.31428571428571433, 0.42857142857142855, 0.33333333333333337, None)
class 5: (0.31428571428571433, 0.42857142857142855, 0.33333333333333337, None)
class 6: (0.31428571428571433, 0.42857142857142855, 0.33333333333333337, None)
class 7: (0.31428571428571433, 0.42857142857142855, 0.33333333333333337, None)
class 8: (0.31428571428571433, 0.42857142857142855, 0.33333333333333337, None)
class 9: (0.31428571428571433, 0.42857142857142855, 0.33333333333333337, None)
class 10: (0.31428571428571433, 0.42857142857142855, 0.33333333333333337, None)
class 11: (0.31428571428571433, 0.42857142857142855, 0.33333333333333337, None)
class 12: (0.31428571428571433, 0.42857142857142855, 0.33333333333333337, None)
class 13: (0.31428571428571433, 0.42857142857142855, 0.33333333333333337, None)
avg : (0.31428571428571433, 0.42857142857142855, 0.33333333333333337, None)


./runs/300d_glove_probI_ba/1473638591/checkpoints/3000
Test for prob: I
Total number of test examples: 32574
ACC	0.245410450052
MSE	22.1281697059
Confusion matrix
[[1031    3   15    6   19    1   55   34   13  312    8   71   16   14]
 [  12  775   17  257   44   40   45   22   18  165  571   22  152  134]
 [  61 1322   33  135   74   68   97   85   15  460  388  152  648  581]
 [   9  503   13  470   76   10  145   24   10   49  238  112  445  168]
 [ 270   21  102  225  426    1  717  165  175  747   90   91   46  114]
 [  31  262    4   21    4   25   21   17   23   93  151   37   85   40]
 [  12   79  153   68  124    1 1350   22   26  207    3   11   43    7]
 [ 109  498   30  118   70   14  154  224   14  125  393  212  888  250]
 [ 244   41  275  165  235    5 1433  337  362 1283   57  176  107  135]
 [  37   15   86   44   76    2  514   89   65 2070   20   29   33   34]
 [  34   11  144  323   73    2  881   50  190  597  220   35   36   31]
 [  19    5   55   50    5    1  471   67   16  466   17   84   84   31]
 [   4   34    2    6    0    1    3    3    0   49   18   13  756   17]
 [   1    3    0    5   12    0    9    8    1    1    0    4   17  168]]
Normalized confusion matrix
[[  6.45e-01   1.88e-03   9.39e-03   3.75e-03   1.19e-02   6.26e-04
    3.44e-02   2.13e-02   8.14e-03   1.95e-01   5.01e-03   4.44e-02
    1.00e-02   8.76e-03]
 [  5.28e-03   3.41e-01   7.48e-03   1.13e-01   1.93e-02   1.76e-02
    1.98e-02   9.67e-03   7.92e-03   7.26e-02   2.51e-01   9.67e-03
    6.68e-02   5.89e-02]
 [  1.48e-02   3.21e-01   8.01e-03   3.28e-02   1.80e-02   1.65e-02
    2.35e-02   2.06e-02   3.64e-03   1.12e-01   9.42e-02   3.69e-02
    1.57e-01   1.41e-01]
 [  3.96e-03   2.21e-01   5.72e-03   2.07e-01   3.35e-02   4.40e-03
    6.38e-02   1.06e-02   4.40e-03   2.16e-02   1.05e-01   4.93e-02
    1.96e-01   7.39e-02]
 [  8.46e-02   6.58e-03   3.20e-02   7.05e-02   1.34e-01   3.13e-04
    2.25e-01   5.17e-02   5.49e-02   2.34e-01   2.82e-02   2.85e-02
    1.44e-02   3.57e-02]
 [  3.81e-02   3.22e-01   4.91e-03   2.58e-02   4.91e-03   3.07e-02
    2.58e-02   2.09e-02   2.83e-02   1.14e-01   1.86e-01   4.55e-02
    1.04e-01   4.91e-02]
 [  5.70e-03   3.75e-02   7.26e-02   3.23e-02   5.89e-02   4.75e-04
    6.41e-01   1.04e-02   1.23e-02   9.83e-02   1.42e-03   5.22e-03
    2.04e-02   3.32e-03]
 [  3.52e-02   1.61e-01   9.68e-03   3.81e-02   2.26e-02   4.52e-03
    4.97e-02   7.23e-02   4.52e-03   4.03e-02   1.27e-01   6.84e-02
    2.87e-01   8.07e-02]
 [  5.03e-02   8.44e-03   5.66e-02   3.40e-02   4.84e-02   1.03e-03
    2.95e-01   6.94e-02   7.46e-02   2.64e-01   1.17e-02   3.63e-02
    2.20e-02   2.78e-02]
 [  1.19e-02   4.82e-03   2.76e-02   1.41e-02   2.44e-02   6.42e-04
    1.65e-01   2.86e-02   2.09e-02   6.65e-01   6.42e-03   9.31e-03
    1.06e-02   1.09e-02]
 [  1.29e-02   4.19e-03   5.48e-02   1.23e-01   2.78e-02   7.61e-04
    3.35e-01   1.90e-02   7.23e-02   2.27e-01   8.37e-02   1.33e-02
    1.37e-02   1.18e-02]
 [  1.39e-02   3.65e-03   4.01e-02   3.65e-02   3.65e-03   7.29e-04
    3.44e-01   4.89e-02   1.17e-02   3.40e-01   1.24e-02   6.13e-02
    6.13e-02   2.26e-02]
 [  4.42e-03   3.75e-02   2.21e-03   6.62e-03   0.00e+00   1.10e-03
    3.31e-03   3.31e-03   0.00e+00   5.41e-02   1.99e-02   1.43e-02
    8.34e-01   1.88e-02]
 [  4.37e-03   1.31e-02   0.00e+00   2.18e-02   5.24e-02   0.00e+00
    3.93e-02   3.49e-02   4.37e-03   4.37e-03   0.00e+00   1.75e-02
    7.42e-02   7.34e-01]]
File:0
[270  21 102 225 426   1 716 165 175 747  90  91  46 114]   pred: 9   true: 4
File:1
[  9 503  13 470  76  10 145  24  10  48 238 112 445 168]   pred: 1   true: 3
File:2
[  12   79  153   68  123    1 1350   22   26  207    3   11   43    7]   pred: 6   true: 6
File:3
[  37   15   86   44   76    2  514   89   65 2069   20   29   33   34]   pred: 9   true: 9
File:4
[ 244   41  275  165  235    5 1432  337  362 1283   57  176  107  135]   pred: 6   true: 8
File:5
[ 34  11 144 322  73   2 881  50 190 597 220  35  36  31]   pred: 6   true: 10
File:6
[1030    3   15    6   19    1   55   34   13  312    8   71   16   14]   pred: 0   true: 0
File:7
[109 497  30 118  70  14 154 224  14 125 393 212 888 250]   pred: 12   true: 7
File:8
[ 31 262   4  21   4  25  21  17  23  93 151  37  84  40]   pred: 1   true: 5
File:9
[  61 1322   33  135   74   68   97   85   15  459  388  152  648  581]   pred: 1   true: 2
File:10
[ 12 775  17 257  44  40  45  22  18 165 570  22 152 134]   pred: 1   true: 1
File:11
[  4  34   2   6   0   1   3   3   0  49  18  13 755  17]   pred: 12   true: 12
File:12
[  1   3   0   5  12   0   9   8   1   1   0   4  16 168]   pred: 13   true: 13
File:13
[ 19   5  55  50   5   1 471  67  16 465  17  84  84  31]   pred: 6   true: 11

Document ACC
Doc ACC: 6
Doc ACC: 0.428571428571 (norm)
precision recall fscore support
class 0: (0.25, 0.42857142857142855, 0.29523809523809519, None)
class 1: (0.25, 0.42857142857142855, 0.29523809523809519, None)
class 2: (0.25, 0.42857142857142855, 0.29523809523809519, None)
class 3: (0.25, 0.42857142857142855, 0.29523809523809519, None)
class 4: (0.25, 0.42857142857142855, 0.29523809523809519, None)
class 5: (0.25, 0.42857142857142855, 0.29523809523809519, None)
class 6: (0.25, 0.42857142857142855, 0.29523809523809519, None)
class 7: (0.25, 0.42857142857142855, 0.29523809523809519, None)
class 8: (0.25, 0.42857142857142855, 0.29523809523809519, None)
class 9: (0.25, 0.42857142857142855, 0.29523809523809519, None)
class 10: (0.25, 0.42857142857142855, 0.29523809523809519, None)
class 11: (0.25, 0.42857142857142855, 0.29523809523809519, None)
class 12: (0.25, 0.42857142857142855, 0.29523809523809519, None)
class 13: (0.25, 0.42857142857142855, 0.29523809523809519, None)
avg : (0.25, 0.42857142857142855, 0.29523809523809519, None)


./runs/300d_glove_probI_ba/1473638591/checkpoints/3250
Test for prob: I
Total number of test examples: 32574
ACC	0.219316018911
MSE	25.9276416774
Confusion matrix
[[1069    4   21    7    9    6   58   31    6  264    8   44    8   63]
 [  17  370   37  316   19  411   32   13   14  156  433   20  101  335]
 [  80  641   56  161   30  807   84   63    9  319  359  113  370 1027]
 [   9  216   46  579   11  342   80   11    6   31  139   88  248  466]
 [ 339   21  287  275  297   22  588   96  120  629   67   56   38  355]
 [  42   97    4   21    0  161   19    9   19   75  103   31   36  197]
 [  16   58  398   75   88    2 1146   18   15  199    4    4   51   32]
 [ 121  232   54  155   30  557  128  123   10   99  252  181  423  734]
 [ 316   27  807  198  105   71  992  228  279 1055   44   98   86  549]
 [  78    9  206   53   55   23  430   48   53 1948   23   17   33  138]
 [  48   11  387  427   55   28  643   33   83  558  205   18   33   98]
 [  25    5  196   52    5    6  345   35   10  415   15   51   86  125]
 [   2   22    3    5    0   27    5    3    0   46   22    9  641  121]
 [   0    0    0    2    2    0    1    0    0    0    0    2    3  219]]
Normalized confusion matrix
[[  6.69e-01   2.50e-03   1.31e-02   4.38e-03   5.63e-03   3.75e-03
    3.63e-02   1.94e-02   3.75e-03   1.65e-01   5.01e-03   2.75e-02
    5.01e-03   3.94e-02]
 [  7.48e-03   1.63e-01   1.63e-02   1.39e-01   8.36e-03   1.81e-01
    1.41e-02   5.72e-03   6.16e-03   6.86e-02   1.90e-01   8.80e-03
    4.44e-02   1.47e-01]
 [  1.94e-02   1.56e-01   1.36e-02   3.91e-02   7.28e-03   1.96e-01
    2.04e-02   1.53e-02   2.18e-03   7.74e-02   8.72e-02   2.74e-02
    8.98e-02   2.49e-01]
 [  3.96e-03   9.51e-02   2.02e-02   2.55e-01   4.84e-03   1.51e-01
    3.52e-02   4.84e-03   2.64e-03   1.36e-02   6.12e-02   3.87e-02
    1.09e-01   2.05e-01]
 [  1.06e-01   6.58e-03   9.00e-02   8.62e-02   9.31e-02   6.90e-03
    1.84e-01   3.01e-02   3.76e-02   1.97e-01   2.10e-02   1.76e-02
    1.19e-02   1.11e-01]
 [  5.16e-02   1.19e-01   4.91e-03   2.58e-02   0.00e+00   1.98e-01
    2.33e-02   1.11e-02   2.33e-02   9.21e-02   1.27e-01   3.81e-02
    4.42e-02   2.42e-01]
 [  7.60e-03   2.75e-02   1.89e-01   3.56e-02   4.18e-02   9.50e-04
    5.44e-01   8.55e-03   7.12e-03   9.45e-02   1.90e-03   1.90e-03
    2.42e-02   1.52e-02]
 [  3.90e-02   7.49e-02   1.74e-02   5.00e-02   9.68e-03   1.80e-01
    4.13e-02   3.97e-02   3.23e-03   3.19e-02   8.13e-02   5.84e-02
    1.36e-01   2.37e-01]
 [  6.51e-02   5.56e-03   1.66e-01   4.08e-02   2.16e-02   1.46e-02
    2.04e-01   4.70e-02   5.75e-02   2.17e-01   9.06e-03   2.02e-02
    1.77e-02   1.13e-01]
 [  2.50e-02   2.89e-03   6.62e-02   1.70e-02   1.77e-02   7.39e-03
    1.38e-01   1.54e-02   1.70e-02   6.26e-01   7.39e-03   5.46e-03
    1.06e-02   4.43e-02]
 [  1.83e-02   4.19e-03   1.47e-01   1.63e-01   2.09e-02   1.07e-02
    2.45e-01   1.26e-02   3.16e-02   2.12e-01   7.80e-02   6.85e-03
    1.26e-02   3.73e-02]
 [  1.82e-02   3.65e-03   1.43e-01   3.79e-02   3.65e-03   4.38e-03
    2.52e-01   2.55e-02   7.29e-03   3.03e-01   1.09e-02   3.72e-02
    6.27e-02   9.12e-02]
 [  2.21e-03   2.43e-02   3.31e-03   5.52e-03   0.00e+00   2.98e-02
    5.52e-03   3.31e-03   0.00e+00   5.08e-02   2.43e-02   9.93e-03
    7.08e-01   1.34e-01]
 [  0.00e+00   0.00e+00   0.00e+00   8.73e-03   8.73e-03   0.00e+00
    4.37e-03   0.00e+00   0.00e+00   0.00e+00   0.00e+00   8.73e-03
    1.31e-02   9.56e-01]]
File:0
[339  21 287 275 297  22 587  96 120 629  67  56  38 355]   pred: 9   true: 4
File:1
[  9 216  46 579  11 342  80  11   6  30 139  88 248 466]   pred: 3   true: 3
File:2
[  16   58  398   74   88    2 1146   18   15  199    4    4   51   32]   pred: 6   true: 6
File:3
[  78    9  206   53   55   23  429   48   53 1948   23   17   33  138]   pred: 9   true: 9
File:4
[ 316   27  807  198  105   71  991  228  279 1055   44   98   86  549]   pred: 9   true: 8
File:5
[ 48  11 387 426  55  28 643  33  83 558 205  18  33  98]   pred: 6   true: 10
File:6
[1068    4   21    7    9    6   58   31    6  264    8   44    8   63]   pred: 0   true: 0
File:7
[121 232  54 155  30 557 128 123  10  99 252 181 423 733]   pred: 13   true: 7
File:8
[ 42  97   4  21   0 161  19   9  19  75 103  31  36 196]   pred: 13   true: 5
File:9
[  80  641   56  161   30  807   84   63    9  318  359  113  370 1027]   pred: 13   true: 2
File:10
[ 17 370  37 316  19 411  32  13  14 156 433  20 101 334]   pred: 10   true: 1
File:11
[  2  22   3   5   0  27   5   3   0  46  22   9 640 121]   pred: 12   true: 12
File:12
[  0   0   0   2   2   0   1   0   0   0   0   2   2 219]   pred: 13   true: 13
File:13
[ 25   5 196  52   5   6 345  35  10 414  15  51  86 125]   pred: 9   true: 11

Document ACC
Doc ACC: 6
Doc ACC: 0.428571428571 (norm)
precision recall fscore support
class 0: (0.2857142857142857, 0.42857142857142855, 0.31904761904761908, None)
class 1: (0.2857142857142857, 0.42857142857142855, 0.31904761904761908, None)
class 2: (0.2857142857142857, 0.42857142857142855, 0.31904761904761908, None)
class 3: (0.2857142857142857, 0.42857142857142855, 0.31904761904761908, None)
class 4: (0.2857142857142857, 0.42857142857142855, 0.31904761904761908, None)
class 5: (0.2857142857142857, 0.42857142857142855, 0.31904761904761908, None)
class 6: (0.2857142857142857, 0.42857142857142855, 0.31904761904761908, None)
class 7: (0.2857142857142857, 0.42857142857142855, 0.31904761904761908, None)
class 8: (0.2857142857142857, 0.42857142857142855, 0.31904761904761908, None)
class 9: (0.2857142857142857, 0.42857142857142855, 0.31904761904761908, None)
class 10: (0.2857142857142857, 0.42857142857142855, 0.31904761904761908, None)
class 11: (0.2857142857142857, 0.42857142857142855, 0.31904761904761908, None)
class 12: (0.2857142857142857, 0.42857142857142855, 0.31904761904761908, None)
class 13: (0.2857142857142857, 0.42857142857142855, 0.31904761904761908, None)
avg : (0.2857142857142857, 0.42857142857142855, 0.31904761904761908, None)


./runs/300d_glove_probI_ba/1473638591/checkpoints/3500
Test for prob: I
Total number of test examples: 32574
ACC	0.237551421379
MSE	18.8872413581
Confusion matrix
[[1076    5   11    5   22    5  116   51   13  222    9   47    6   10]
 [  17  353   49  473   67  288   63   15   35  130  610   23   81   70]
 [ 100  697   47  347  151  819  160  112   37  353  579  117  326  274]
 [  20  122   39  799  164  307  184   21   15   24  249   87  153   88]
 [ 330   19  178  167  619   14  818  181  141  483   99   62   15   64]
 [  39  121    4   44    8  135   44   29   42   62  203   34   28   21]
 [  17   46  186   43  237    1 1385   24   20  124    5    2   14    2]
 [ 152  205   41  294  119  443  248  211   23   75  523  176  416  173]
 [ 330   18  432   99  460   19 1736  396  352  753   57  100   26   77]
 [  82    6  159   33  134   11  709  105   81 1683   37   25   17   32]
 [  40    7  218  281  181    9 1005   73  128  419  222   20    9   15]
 [  26    5  103   50   19    2  592   79   15  321   16   62   50   31]
 [   8   17    2   16    4   20   22    5    0   47   58   19  661   27]
 [   2    6    2    4   40    6   12    4    4    1    0    3   12  133]]
Normalized confusion matrix
[[  6.73e-01   3.13e-03   6.88e-03   3.13e-03   1.38e-02   3.13e-03
    7.26e-02   3.19e-02   8.14e-03   1.39e-01   5.63e-03   2.94e-02
    3.75e-03   6.26e-03]
 [  7.48e-03   1.55e-01   2.15e-02   2.08e-01   2.95e-02   1.27e-01
    2.77e-02   6.60e-03   1.54e-02   5.72e-02   2.68e-01   1.01e-02
    3.56e-02   3.08e-02]
 [  2.43e-02   1.69e-01   1.14e-02   8.42e-02   3.67e-02   1.99e-01
    3.88e-02   2.72e-02   8.98e-03   8.57e-02   1.41e-01   2.84e-02
    7.91e-02   6.65e-02]
 [  8.80e-03   5.37e-02   1.72e-02   3.52e-01   7.22e-02   1.35e-01
    8.10e-02   9.24e-03   6.60e-03   1.06e-02   1.10e-01   3.83e-02
    6.73e-02   3.87e-02]
 [  1.03e-01   5.96e-03   5.58e-02   5.24e-02   1.94e-01   4.39e-03
    2.56e-01   5.67e-02   4.42e-02   1.51e-01   3.10e-02   1.94e-02
    4.70e-03   2.01e-02]
 [  4.79e-02   1.49e-01   4.91e-03   5.41e-02   9.83e-03   1.66e-01
    5.41e-02   3.56e-02   5.16e-02   7.62e-02   2.49e-01   4.18e-02
    3.44e-02   2.58e-02]
 [  8.07e-03   2.18e-02   8.83e-02   2.04e-02   1.13e-01   4.75e-04
    6.58e-01   1.14e-02   9.50e-03   5.89e-02   2.37e-03   9.50e-04
    6.65e-03   9.50e-04]
 [  4.90e-02   6.62e-02   1.32e-02   9.49e-02   3.84e-02   1.43e-01
    8.00e-02   6.81e-02   7.42e-03   2.42e-02   1.69e-01   5.68e-02
    1.34e-01   5.58e-02]
 [  6.80e-02   3.71e-03   8.90e-02   2.04e-02   9.47e-02   3.91e-03
    3.58e-01   8.16e-02   7.25e-02   1.55e-01   1.17e-02   2.06e-02
    5.36e-03   1.59e-02]
 [  2.63e-02   1.93e-03   5.11e-02   1.06e-02   4.30e-02   3.53e-03
    2.28e-01   3.37e-02   2.60e-02   5.40e-01   1.19e-02   8.03e-03
    5.46e-03   1.03e-02]
 [  1.52e-02   2.66e-03   8.30e-02   1.07e-01   6.89e-02   3.43e-03
    3.83e-01   2.78e-02   4.87e-02   1.59e-01   8.45e-02   7.61e-03
    3.43e-03   5.71e-03]
 [  1.90e-02   3.65e-03   7.51e-02   3.65e-02   1.39e-02   1.46e-03
    4.32e-01   5.76e-02   1.09e-02   2.34e-01   1.17e-02   4.52e-02
    3.65e-02   2.26e-02]
 [  8.83e-03   1.88e-02   2.21e-03   1.77e-02   4.42e-03   2.21e-02
    2.43e-02   5.52e-03   0.00e+00   5.19e-02   6.40e-02   2.10e-02
    7.30e-01   2.98e-02]
 [  8.73e-03   2.62e-02   8.73e-03   1.75e-02   1.75e-01   2.62e-02
    5.24e-02   1.75e-02   1.75e-02   4.37e-03   0.00e+00   1.31e-02
    5.24e-02   5.81e-01]]
File:0
[330  19 178 167 619  14 817 181 141 483  99  62  15  64]   pred: 6   true: 4
File:1
[ 20 122  39 799 164 307 184  21  15  23 249  87 153  88]   pred: 3   true: 3
File:2
[  17   46  186   43  236    1 1385   24   20  124    5    2   14    2]   pred: 6   true: 6
File:3
[  82    6  159   33  134   11  708  105   81 1683   37   25   17   32]   pred: 9   true: 9
File:4
[ 330   18  432   99  460   19 1735  396  352  753   57  100   26   77]   pred: 6   true: 8
File:5
[  40    7  218  280  181    9 1005   73  128  419  222   20    9   15]   pred: 6   true: 10
File:6
[1075    5   11    5   22    5  116   51   13  222    9   47    6   10]   pred: 0   true: 0
File:7
[152 205  41 294 119 442 248 211  23  75 523 176 416 173]   pred: 10   true: 7
File:8
[ 39 121   4  44   8 135  44  29  42  62 202  34  28  21]   pred: 10   true: 5
File:9
[100 697  47 347 151 819 160 112  37 352 579 117 326 274]   pred: 5   true: 2
File:10
[ 17 353  49 473  67 288  63  15  35 130 609  23  81  70]   pred: 10   true: 1
File:11
[  8  17   2  16   4  20  22   5   0  47  58  19 660  27]   pred: 12   true: 12
File:12
[  2   6   2   4  40   6  12   4   4   1   0   3  11 133]   pred: 13   true: 13
File:13
[ 26   5 103  50  19   2 591  79  15 321  16  62  50  31]   pred: 6   true: 11

Document ACC
Doc ACC: 6
Doc ACC: 0.428571428571 (norm)
precision recall fscore support
class 0: (0.37142857142857144, 0.42857142857142855, 0.38095238095238099, None)
class 1: (0.37142857142857144, 0.42857142857142855, 0.38095238095238099, None)
class 2: (0.37142857142857144, 0.42857142857142855, 0.38095238095238099, None)
class 3: (0.37142857142857144, 0.42857142857142855, 0.38095238095238099, None)
class 4: (0.37142857142857144, 0.42857142857142855, 0.38095238095238099, None)
class 5: (0.37142857142857144, 0.42857142857142855, 0.38095238095238099, None)
class 6: (0.37142857142857144, 0.42857142857142855, 0.38095238095238099, None)
class 7: (0.37142857142857144, 0.42857142857142855, 0.38095238095238099, None)
class 8: (0.37142857142857144, 0.42857142857142855, 0.38095238095238099, None)
class 9: (0.37142857142857144, 0.42857142857142855, 0.38095238095238099, None)
class 10: (0.37142857142857144, 0.42857142857142855, 0.38095238095238099, None)
class 11: (0.37142857142857144, 0.42857142857142855, 0.38095238095238099, None)
class 12: (0.37142857142857144, 0.42857142857142855, 0.38095238095238099, None)
class 13: (0.37142857142857144, 0.42857142857142855, 0.38095238095238099, None)
avg : (0.37142857142857144, 0.42857142857142855, 0.38095238095238099, None)


