===== Filter Size: 50
===== L2 Norm: 0.1
===== Drop Out: 0.75


./runs/300d_glove_probI_ba/1473651769/checkpoints/2000
Test for prob: I
Total number of test examples: 32574
ACC	0.272610057101
MSE	21.8502793639
Confusion matrix 
[[ 945    3   13    8   30    0   35   95   49  262   15  108   11   24]
 [   9  888   33  329   46   47   11   29   47  141  401   18   91  184]
 [  39 1509   38  195   51  101   28  204   76  317  342  214  327  678]
 [   0  656   38  605   39   13   23   55   80   26  119  107  221  290]
 [ 187   39  171  258  374    1  192  396  626  507   37  163   44  195]
 [  26  270    0   28    5   21    5   50   49   69  134   84   29   44]
 [  10   82  284  104  191    1  964   83  152  165    5    6   37   22]
 [  59  907   35  162   43   22   44  322   61   72  238  353  385  396]
 [ 163   23  465  130  204   10  298  648 1697  729   25  191   99  173]
 [  45   17  179   40  108    4  294  174  205 1887   17   40   32   72]
 [  33   25  211  317  140    1  287  199  685  399  198   31   36   65]
 [   3   22  247   67    7    0  117  230  195  288   13   69   68   45]
 [   3   50    5    7    0    4    0   12    0   47   33   28  676   41]
 [   0    1    0    5    5    0    1    2   10    2    0    3    4  196]]
Normalized confusion matrix
[[  5.91e-01   1.88e-03   8.14e-03   5.01e-03   1.88e-02   0.00e+00
    2.19e-02   5.94e-02   3.07e-02   1.64e-01   9.39e-03   6.76e-02
    6.88e-03   1.50e-02]
 [  3.96e-03   3.91e-01   1.45e-02   1.45e-01   2.02e-02   2.07e-02
    4.84e-03   1.28e-02   2.07e-02   6.20e-02   1.76e-01   7.92e-03
    4.00e-02   8.09e-02]
 [  9.47e-03   3.66e-01   9.23e-03   4.73e-02   1.24e-02   2.45e-02
    6.80e-03   4.95e-02   1.85e-02   7.70e-02   8.30e-02   5.20e-02
    7.94e-02   1.65e-01]
 [  0.00e+00   2.89e-01   1.67e-02   2.66e-01   1.72e-02   5.72e-03
    1.01e-02   2.42e-02   3.52e-02   1.14e-02   5.24e-02   4.71e-02
    9.73e-02   1.28e-01]
 [  5.86e-02   1.22e-02   5.36e-02   8.09e-02   1.17e-01   3.13e-04
    6.02e-02   1.24e-01   1.96e-01   1.59e-01   1.16e-02   5.11e-02
    1.38e-02   6.11e-02]
 [  3.19e-02   3.32e-01   0.00e+00   3.44e-02   6.14e-03   2.58e-02
    6.14e-03   6.14e-02   6.02e-02   8.48e-02   1.65e-01   1.03e-01
    3.56e-02   5.41e-02]
 [  4.75e-03   3.89e-02   1.35e-01   4.94e-02   9.07e-02   4.75e-04
    4.58e-01   3.94e-02   7.22e-02   7.83e-02   2.37e-03   2.85e-03
    1.76e-02   1.04e-02]
 [  1.90e-02   2.93e-01   1.13e-02   5.23e-02   1.39e-02   7.10e-03
    1.42e-02   1.04e-01   1.97e-02   2.32e-02   7.68e-02   1.14e-01
    1.24e-01   1.28e-01]
 [  3.36e-02   4.74e-03   9.58e-02   2.68e-02   4.20e-02   2.06e-03
    6.14e-02   1.33e-01   3.50e-01   1.50e-01   5.15e-03   3.93e-02
    2.04e-02   3.56e-02]
 [  1.45e-02   5.46e-03   5.75e-02   1.28e-02   3.47e-02   1.28e-03
    9.44e-02   5.59e-02   6.58e-02   6.06e-01   5.46e-03   1.28e-02
    1.03e-02   2.31e-02]
 [  1.26e-02   9.52e-03   8.03e-02   1.21e-01   5.33e-02   3.81e-04
    1.09e-01   7.58e-02   2.61e-01   1.52e-01   7.54e-02   1.18e-02
    1.37e-02   2.47e-02]
 [  2.19e-03   1.60e-02   1.80e-01   4.89e-02   5.11e-03   0.00e+00
    8.53e-02   1.68e-01   1.42e-01   2.10e-01   9.48e-03   5.03e-02
    4.96e-02   3.28e-02]
 [  3.31e-03   5.52e-02   5.52e-03   7.73e-03   0.00e+00   4.42e-03
    0.00e+00   1.32e-02   0.00e+00   5.19e-02   3.64e-02   3.09e-02
    7.46e-01   4.53e-02]
 [  0.00e+00   4.37e-03   0.00e+00   2.18e-02   2.18e-02   0.00e+00
    4.37e-03   8.73e-03   4.37e-02   8.73e-03   0.00e+00   1.31e-02
    1.75e-02   8.56e-01]]
File:0
[187  39 171 258 374   1 192 396 626 507  37 163  44 194]   pred: 8   true: 4
File:1
[  0 656  38 605  39  13  23  55  80  25 119 107 221 290]   pred: 1   true: 3
File:2
[ 10  82 284 104 191   1 964  83 152 165   5   6  37  21]   pred: 6   true: 6
File:3
[  45   17  179   40  108    4  293  174  205 1887   17   40   32   72]   pred: 9   true: 9
File:4
[ 163   23  465  130  204   10  298  648 1696  729   25  191   99  173]   pred: 8   true: 8
File:5
[ 33  25 211 316 140   1 287 199 685 399 198  31  36  65]   pred: 8   true: 10
File:6
[944   3  13   8  30   0  35  95  49 262  15 108  11  24]   pred: 0   true: 0
File:7
[ 59 906  35 162  43  22  44 322  61  72 238 353 385 396]   pred: 1   true: 7
File:8
[ 26 269   0  28   5  21   5  50  49  69 134  84  29  44]   pred: 1   true: 5
File:9
[  39 1509   38  195   51  101   28  204   76  316  342  214  327  678]   pred: 1   true: 2
File:10
[  9 887  33 329  46  47  11  29  47 141 401  18  91 184]   pred: 1   true: 1
File:11
[  3  50   5   7   0   4   0  12   0  47  33  28 675  41]   pred: 12   true: 12
File:12
[  0   1   0   5   5   0   1   2  10   2   0   3   3 196]   pred: 13   true: 13
File:13
[  3  22 247  67   7   0 117 230 194 288  13  69  68  45]   pred: 9   true: 11

Document ACC
Doc ACC: 7
Doc ACC: 0.5 (norm)
precision recall fscore support
class 0: (0.35952380952380952, 0.5, 0.39285714285714285, None)
class 1: (0.35952380952380952, 0.5, 0.39285714285714285, None)
class 2: (0.35952380952380952, 0.5, 0.39285714285714285, None)
class 3: (0.35952380952380952, 0.5, 0.39285714285714285, None)
class 4: (0.35952380952380952, 0.5, 0.39285714285714285, None)
class 5: (0.35952380952380952, 0.5, 0.39285714285714285, None)
class 6: (0.35952380952380952, 0.5, 0.39285714285714285, None)
class 7: (0.35952380952380952, 0.5, 0.39285714285714285, None)
class 8: (0.35952380952380952, 0.5, 0.39285714285714285, None)
class 9: (0.35952380952380952, 0.5, 0.39285714285714285, None)
class 10: (0.35952380952380952, 0.5, 0.39285714285714285, None)
class 11: (0.35952380952380952, 0.5, 0.39285714285714285, None)
class 12: (0.35952380952380952, 0.5, 0.39285714285714285, None)
class 13: (0.35952380952380952, 0.5, 0.39285714285714285, None)
avg : (0.35952380952380952, 0.5, 0.39285714285714285, None)


./runs/300d_glove_probI_ba/1473651769/checkpoints/2250
Test for prob: I
Total number of test examples: 32574
ACC	0.265119420397
MSE	23.0661263584
Confusion matrix 
[[1049    1   18    4   29    0   25   48   29  293   11   74    6   11]
 [  15  409   45  202   71  244   19   20   55  156  744   28  118  148]
 [  94  553   65   92   93  580   39  125   83  405  915  223  344  508]
 [  11  226   68  366  125  203   62   36   97   35  382  117  324  220]
 [ 296   21  232  108  590    5  222  246  548  628   33  132   38   91]
 [  48  113    5    9    9  105    7   30   53   82  217   67   33   36]
 [  19   77  336   45  177    0  933   54  165  255    3    6   30    6]
 [  96  245   78   71   79  266   79  247   81   87  563  373  478  356]
 [ 276   11  570   58  287   27  281  376 1576 1064   26  147   69   87]
 [  61    6  163   23  103    5  189   98  169 2202   12   30   22   31]
 [  76   10  276  158  216    3  218  123  644  609  207   29   30   28]
 [  11   11  255   25   11    0  132  159  186  410   10   71   74   16]
 [  10   13    8    3   38   15    1    8    0   13   77   31  662   27]
 [   1    1    2    2   22    5    5    2   16    2    0    6   11  154]]
Normalized confusion matrix
[[  6.56e-01   6.26e-04   1.13e-02   2.50e-03   1.81e-02   0.00e+00
    1.56e-02   3.00e-02   1.81e-02   1.83e-01   6.88e-03   4.63e-02
    3.75e-03   6.88e-03]
 [  6.60e-03   1.80e-01   1.98e-02   8.88e-02   3.12e-02   1.07e-01
    8.36e-03   8.80e-03   2.42e-02   6.86e-02   3.27e-01   1.23e-02
    5.19e-02   6.51e-02]
 [  2.28e-02   1.34e-01   1.58e-02   2.23e-02   2.26e-02   1.41e-01
    9.47e-03   3.03e-02   2.02e-02   9.83e-02   2.22e-01   5.41e-02
    8.35e-02   1.23e-01]
 [  4.84e-03   9.95e-02   2.99e-02   1.61e-01   5.50e-02   8.93e-02
    2.73e-02   1.58e-02   4.27e-02   1.54e-02   1.68e-01   5.15e-02
    1.43e-01   9.68e-02]
 [  9.28e-02   6.58e-03   7.27e-02   3.39e-02   1.85e-01   1.57e-03
    6.96e-02   7.71e-02   1.72e-01   1.97e-01   1.03e-02   4.14e-02
    1.19e-02   2.85e-02]
 [  5.90e-02   1.39e-01   6.14e-03   1.11e-02   1.11e-02   1.29e-01
    8.60e-03   3.69e-02   6.51e-02   1.01e-01   2.67e-01   8.23e-02
    4.05e-02   4.42e-02]
 [  9.02e-03   3.66e-02   1.60e-01   2.14e-02   8.40e-02   0.00e+00
    4.43e-01   2.56e-02   7.83e-02   1.21e-01   1.42e-03   2.85e-03
    1.42e-02   2.85e-03]
 [  3.10e-02   7.91e-02   2.52e-02   2.29e-02   2.55e-02   8.58e-02
    2.55e-02   7.97e-02   2.61e-02   2.81e-02   1.82e-01   1.20e-01
    1.54e-01   1.15e-01]
 [  5.68e-02   2.27e-03   1.17e-01   1.19e-02   5.91e-02   5.56e-03
    5.79e-02   7.74e-02   3.25e-01   2.19e-01   5.36e-03   3.03e-02
    1.42e-02   1.79e-02]
 [  1.96e-02   1.93e-03   5.23e-02   7.39e-03   3.31e-02   1.61e-03
    6.07e-02   3.15e-02   5.43e-02   7.07e-01   3.85e-03   9.63e-03
    7.06e-03   9.96e-03]
 [  2.89e-02   3.81e-03   1.05e-01   6.01e-02   8.22e-02   1.14e-03
    8.30e-02   4.68e-02   2.45e-01   2.32e-01   7.88e-02   1.10e-02
    1.14e-02   1.07e-02]
 [  8.02e-03   8.02e-03   1.86e-01   1.82e-02   8.02e-03   0.00e+00
    9.63e-02   1.16e-01   1.36e-01   2.99e-01   7.29e-03   5.18e-02
    5.40e-02   1.17e-02]
 [  1.10e-02   1.43e-02   8.83e-03   3.31e-03   4.19e-02   1.66e-02
    1.10e-03   8.83e-03   0.00e+00   1.43e-02   8.50e-02   3.42e-02
    7.31e-01   2.98e-02]
 [  4.37e-03   4.37e-03   8.73e-03   8.73e-03   9.61e-02   2.18e-02
    2.18e-02   8.73e-03   6.99e-02   8.73e-03   0.00e+00   2.62e-02
    4.80e-02   6.72e-01]]
File:0
[296  21 232 108 590   5 222 246 548 628  33 132  38  90]   pred: 9   true: 4
File:1
[ 11 226  68 366 125 203  62  36  97  34 382 117 324 220]   pred: 10   true: 3
File:2
[ 19  77 336  45 177   0 933  54 165 255   3   6  30   5]   pred: 6   true: 6
File:3
[  61    6  163   23  103    5  188   98  169 2202   12   30   22   31]   pred: 9   true: 9
File:4
[ 276   11  570   58  287   27  281  376 1575 1064   26  147   69   87]   pred: 8   true: 8
File:5
[ 76  10 276 158 215   3 218 123 644 609 207  29  30  28]   pred: 8   true: 10
File:6
[1048    1   18    4   29    0   25   48   29  293   11   74    6   11]   pred: 0   true: 0
File:7
[ 96 244  78  71  79 266  79 247  81  87 563 373 478 356]   pred: 10   true: 7
File:8
[ 48 112   5   9   9 105   7  30  53  82 217  67  33  36]   pred: 10   true: 5
File:9
[ 94 553  65  92  93 580  39 125  83 404 915 223 344 508]   pred: 10   true: 2
File:10
[ 15 409  45 202  71 244  19  20  55 156 743  28 118 148]   pred: 10   true: 1
File:11
[ 10  13   8   3  38  15   1   8   0  13  77  31 661  27]   pred: 12   true: 12
File:12
[  1   1   2   2  22   5   5   2  16   2   0   6  10 154]   pred: 13   true: 13
File:13
[ 11  11 255  25  11   0 132 159 185 410  10  71  74  16]   pred: 9   true: 11

Document ACC
Doc ACC: 6
Doc ACC: 0.428571428571 (norm)
precision recall fscore support
class 0: (0.34523809523809529, 0.42857142857142855, 0.36904761904761901, None)
class 1: (0.34523809523809529, 0.42857142857142855, 0.36904761904761901, None)
class 2: (0.34523809523809529, 0.42857142857142855, 0.36904761904761901, None)
class 3: (0.34523809523809529, 0.42857142857142855, 0.36904761904761901, None)
class 4: (0.34523809523809529, 0.42857142857142855, 0.36904761904761901, None)
class 5: (0.34523809523809529, 0.42857142857142855, 0.36904761904761901, None)
class 6: (0.34523809523809529, 0.42857142857142855, 0.36904761904761901, None)
class 7: (0.34523809523809529, 0.42857142857142855, 0.36904761904761901, None)
class 8: (0.34523809523809529, 0.42857142857142855, 0.36904761904761901, None)
class 9: (0.34523809523809529, 0.42857142857142855, 0.36904761904761901, None)
class 10: (0.34523809523809529, 0.42857142857142855, 0.36904761904761901, None)
class 11: (0.34523809523809529, 0.42857142857142855, 0.36904761904761901, None)
class 12: (0.34523809523809529, 0.42857142857142855, 0.36904761904761901, None)
class 13: (0.34523809523809529, 0.42857142857142855, 0.36904761904761901, None)
avg : (0.34523809523809529, 0.42857142857142855, 0.36904761904761901, None)


./runs/300d_glove_probI_ba/1473651769/checkpoints/2500
Test for prob: I
Total number of test examples: 32574
ACC	0.260760115429
MSE	19.0891201572
Confusion matrix 
[[1124    3   11    4   23    0   51   57    8  242    4   51    7   13]
 [  25 1155   30  149   74  109   32   30   24  158  272   14   78  124]
 [ 159 1893   21   73  101  293   63  191   17  354  160  149  225  420]
 [  17  832   19  333  146  118  107   50   15   47   94   98  181  215]
 [ 402   43   99   79  628   10  620  262  116  664   22   91   30  124]
 [  65  380    2    5    8   51   12   45   34   66   65   42   18   21]
 [  32   92  169   34  190    1 1250   43   18  228    2    3   36    8]
 [ 113 1097   27   60  101   81  122  278   16  108  145  311  311  329]
 [ 475   31  341   65  341   45 1079  537  430 1188   15  131   76  101]
 [ 115   12   87   22   99    9  421   91   18 2155   12   20   22   31]
 [ 121   34  161  196  217    2  753  172  109  611  166   20   25   40]
 [  20   22  123   32   16    0  417  167   23  385    9   56   77   24]
 [  12   75    4    3    0    6    1    9    0   49   16   30  673   28]
 [   4    8    1    1   13    2    4    2    4    4    0    3    9  174]]
Normalized confusion matrix
[[  7.03e-01   1.88e-03   6.88e-03   2.50e-03   1.44e-02   0.00e+00
    3.19e-02   3.57e-02   5.01e-03   1.51e-01   2.50e-03   3.19e-02
    4.38e-03   8.14e-03]
 [  1.10e-02   5.08e-01   1.32e-02   6.55e-02   3.25e-02   4.79e-02
    1.41e-02   1.32e-02   1.06e-02   6.95e-02   1.20e-01   6.16e-03
    3.43e-02   5.45e-02]
 [  3.86e-02   4.60e-01   5.10e-03   1.77e-02   2.45e-02   7.11e-02
    1.53e-02   4.64e-02   4.13e-03   8.59e-02   3.88e-02   3.62e-02
    5.46e-02   1.02e-01]
 [  7.48e-03   3.66e-01   8.36e-03   1.47e-01   6.43e-02   5.19e-02
    4.71e-02   2.20e-02   6.60e-03   2.07e-02   4.14e-02   4.31e-02
    7.97e-02   9.46e-02]
 [  1.26e-01   1.35e-02   3.10e-02   2.48e-02   1.97e-01   3.13e-03
    1.94e-01   8.21e-02   3.64e-02   2.08e-01   6.90e-03   2.85e-02
    9.40e-03   3.89e-02]
 [  7.99e-02   4.67e-01   2.46e-03   6.14e-03   9.83e-03   6.27e-02
    1.47e-02   5.53e-02   4.18e-02   8.11e-02   7.99e-02   5.16e-02
    2.21e-02   2.58e-02]
 [  1.52e-02   4.37e-02   8.02e-02   1.61e-02   9.02e-02   4.75e-04
    5.94e-01   2.04e-02   8.55e-03   1.08e-01   9.50e-04   1.42e-03
    1.71e-02   3.80e-03]
 [  3.65e-02   3.54e-01   8.71e-03   1.94e-02   3.26e-02   2.61e-02
    3.94e-02   8.97e-02   5.16e-03   3.48e-02   4.68e-02   1.00e-01
    1.00e-01   1.06e-01]
 [  9.78e-02   6.39e-03   7.02e-02   1.34e-02   7.02e-02   9.27e-03
    2.22e-01   1.11e-01   8.86e-02   2.45e-01   3.09e-03   2.70e-02
    1.57e-02   2.08e-02]
 [  3.69e-02   3.85e-03   2.79e-02   7.06e-03   3.18e-02   2.89e-03
    1.35e-01   2.92e-02   5.78e-03   6.92e-01   3.85e-03   6.42e-03
    7.06e-03   9.96e-03]
 [  4.61e-02   1.29e-02   6.13e-02   7.46e-02   8.26e-02   7.61e-04
    2.87e-01   6.55e-02   4.15e-02   2.33e-01   6.32e-02   7.61e-03
    9.52e-03   1.52e-02]
 [  1.46e-02   1.60e-02   8.97e-02   2.33e-02   1.17e-02   0.00e+00
    3.04e-01   1.22e-01   1.68e-02   2.81e-01   6.56e-03   4.08e-02
    5.62e-02   1.75e-02]
 [  1.32e-02   8.28e-02   4.42e-03   3.31e-03   0.00e+00   6.62e-03
    1.10e-03   9.93e-03   0.00e+00   5.41e-02   1.77e-02   3.31e-02
    7.43e-01   3.09e-02]
 [  1.75e-02   3.49e-02   4.37e-03   4.37e-03   5.68e-02   8.73e-03
    1.75e-02   8.73e-03   1.75e-02   1.75e-02   0.00e+00   1.31e-02
    3.93e-02   7.60e-01]]
File:0
[402  43  99  79 628  10 620 262 116 664  22  91  30 123]   pred: 9   true: 4
File:1
[ 17 832  19 333 146 118 107  50  15  46  94  98 181 215]   pred: 1   true: 3
File:2
[  32   91  169   34  190    1 1250   43   18  228    2    3   36    8]   pred: 6   true: 6
File:3
[ 115   12   87   22   99    9  420   91   18 2155   12   20   22   31]   pred: 9   true: 9
File:4
[ 475   31  341   65  341   45 1078  537  430 1188   15  131   76  101]   pred: 9   true: 8
File:5
[121  34 161 195 217   2 753 172 109 611 166  20  25  40]   pred: 6   true: 10
File:6
[1123    3   11    4   23    0   51   57    8  242    4   51    7   13]   pred: 0   true: 0
File:7
[ 113 1096   27   60  101   81  122  278   16  108  145  311  311  329]   pred: 1   true: 7
File:8
[ 65 379   2   5   8  51  12  45  34  66  65  42  18  21]   pred: 1   true: 5
File:9
[ 159 1893   21   73  101  293   63  191   17  353  160  149  225  420]   pred: 1   true: 2
File:10
[  25 1154   30  149   74  109   32   30   24  158  272   14   78  124]   pred: 1   true: 1
File:11
[ 12  75   4   3   0   6   1   9   0  49  16  30 672  28]   pred: 12   true: 12
File:12
[  4   8   1   1  13   2   4   2   4   4   0   3   8 174]   pred: 13   true: 13
File:13
[ 20  22 123  32  16   0 416 167  23 385   9  56  77  24]   pred: 6   true: 11

Document ACC
Doc ACC: 6
Doc ACC: 0.428571428571 (norm)
precision recall fscore support
class 0: (0.27619047619047615, 0.42857142857142855, 0.30952380952380959, None)
class 1: (0.27619047619047615, 0.42857142857142855, 0.30952380952380959, None)
class 2: (0.27619047619047615, 0.42857142857142855, 0.30952380952380959, None)
class 3: (0.27619047619047615, 0.42857142857142855, 0.30952380952380959, None)
class 4: (0.27619047619047615, 0.42857142857142855, 0.30952380952380959, None)
class 5: (0.27619047619047615, 0.42857142857142855, 0.30952380952380959, None)
class 6: (0.27619047619047615, 0.42857142857142855, 0.30952380952380959, None)
class 7: (0.27619047619047615, 0.42857142857142855, 0.30952380952380959, None)
class 8: (0.27619047619047615, 0.42857142857142855, 0.30952380952380959, None)
class 9: (0.27619047619047615, 0.42857142857142855, 0.30952380952380959, None)
class 10: (0.27619047619047615, 0.42857142857142855, 0.30952380952380959, None)
class 11: (0.27619047619047615, 0.42857142857142855, 0.30952380952380959, None)
class 12: (0.27619047619047615, 0.42857142857142855, 0.30952380952380959, None)
class 13: (0.27619047619047615, 0.42857142857142855, 0.30952380952380959, None)
avg : (0.27619047619047615, 0.42857142857142855, 0.30952380952380959, None)


./runs/300d_glove_probI_ba/1473651769/checkpoints/2750
Test for prob: I
Total number of test examples: 32574
ACC	0.277368453368
MSE	21.4543193958
Confusion matrix 
[[1094    6    8    6   50    0   36   79   29  208    8   43   21   10]
 [  15  815   28  207  109   78   16   29   30  118  593    9  143   84]
 [  99 1184   27  115  151  226   42  191   73  290  623   95  620  383]
 [   9  599   12  411  182   51   49   59   44   25  256   62  374  139]
 [ 314   62  113  165  838    9  232  383  401  399   46   64   65   99]
 [  48  257    2   14   16   40   10   39   41   51  176   33   65   22]
 [  26   99  171   67  287    0 1010   78  144  161    3    3   53    4]
 [  76  700   28   84  119   53   66  351   55   74  425  201  638  229]
 [ 305   51  335   98  495   41  402  611 1472  702   23   83  159   78]
 [ 102   16  119   32  235   15  273  196  169 1836   21   19   44   37]
 [  73   35  186  314  290    6  314  220  514  381  206   17   52   19]
 [  16   30  162   58   32    0  186  241  169  281   13   39  122   22]
 [   3   30    4    3   41    2    0    6    0    8   35   10  747   17]
 [   1    8    0    3   30    0    2    4   11    3    0    2   16  149]]
Normalized confusion matrix
[[ 0.68  0.    0.01  0.    0.03  0.    0.02  0.05  0.02  0.13  0.01  0.03
   0.01  0.01]
 [ 0.01  0.36  0.01  0.09  0.05  0.03  0.01  0.01  0.01  0.05  0.26  0.
   0.06  0.04]
 [ 0.02  0.29  0.01  0.03  0.04  0.05  0.01  0.05  0.02  0.07  0.15  0.02
   0.15  0.09]
 [ 0.    0.26  0.01  0.18  0.08  0.02  0.02  0.03  0.02  0.01  0.11  0.03
   0.16  0.06]
 [ 0.1   0.02  0.04  0.05  0.26  0.    0.07  0.12  0.13  0.13  0.01  0.02
   0.02  0.03]
 [ 0.06  0.32  0.    0.02  0.02  0.05  0.01  0.05  0.05  0.06  0.22  0.04
   0.08  0.03]
 [ 0.01  0.05  0.08  0.03  0.14  0.    0.48  0.04  0.07  0.08  0.    0.
   0.03  0.  ]
 [ 0.02  0.23  0.01  0.03  0.04  0.02  0.02  0.11  0.02  0.02  0.14  0.06
   0.21  0.07]
 [ 0.06  0.01  0.07  0.02  0.1   0.01  0.08  0.13  0.3   0.14  0.    0.02
   0.03  0.02]
 [ 0.03  0.01  0.04  0.01  0.08  0.    0.09  0.06  0.05  0.59  0.01  0.01
   0.01  0.01]
 [ 0.03  0.01  0.07  0.12  0.11  0.    0.12  0.08  0.2   0.15  0.08  0.01
   0.02  0.01]
 [ 0.01  0.02  0.12  0.04  0.02  0.    0.14  0.18  0.12  0.2   0.01  0.03
   0.09  0.02]
 [ 0.    0.03  0.    0.    0.05  0.    0.    0.01  0.    0.01  0.04  0.01
   0.82  0.02]
 [ 0.    0.03  0.    0.01  0.13  0.    0.01  0.02  0.05  0.01  0.    0.01
   0.07  0.65]]
File:0
[314  62 113 165 838   9 232 383 401 399  46  64  65  98]   pred: 4   true: 4
File:1
[  9 599  12 411 182  51  49  59  44  24 256  62 374 139]   pred: 1   true: 3
File:2
[  26   98  171   67  287    0 1010   78  144  161    3    3   53    4]   pred: 6   true: 6
File:3
[ 102   16  119   32  235   15  272  196  169 1836   21   19   44   37]   pred: 9   true: 9
File:4
[ 305   51  335   98  495   41  402  611 1471  702   23   83  159   78]   pred: 8   true: 8
File:5
[ 73  35 186 313 290   6 314 220 514 381 206  17  52  19]   pred: 8   true: 10
File:6
[1093    6    8    6   50    0   36   79   29  208    8   43   21   10]   pred: 0   true: 0
File:7
[ 76 699  28  84 119  53  66 351  55  74 425 201 638 229]   pred: 1   true: 7
File:8
[ 48 256   2  14  16  40  10  39  41  51 176  33  65  22]   pred: 1   true: 5
File:9
[  99 1184   27  115  151  226   42  191   73  289  623   95  620  383]   pred: 1   true: 2
File:10
[ 15 814  28 207 109  78  16  29  30 118 593   9 143  84]   pred: 1   true: 1
File:11
[  3  30   4   3  41   2   0   6   0   8  35  10 746  17]   pred: 12   true: 12
File:12
[  1   8   0   3  30   0   2   4  11   3   0   2  15 149]   pred: 13   true: 13
File:13
[ 16  30 162  58  32   0 186 241 168 281  13  39 122  22]   pred: 9   true: 11

Document ACC
Doc ACC: 8
Doc ACC: 0.571428571429 (norm)
precision recall fscore support
class 0: (0.44285714285714289, 0.5714285714285714, 0.47619047619047622, None)
class 1: (0.44285714285714289, 0.5714285714285714, 0.47619047619047622, None)
class 2: (0.44285714285714289, 0.5714285714285714, 0.47619047619047622, None)
class 3: (0.44285714285714289, 0.5714285714285714, 0.47619047619047622, None)
class 4: (0.44285714285714289, 0.5714285714285714, 0.47619047619047622, None)
class 5: (0.44285714285714289, 0.5714285714285714, 0.47619047619047622, None)
class 6: (0.44285714285714289, 0.5714285714285714, 0.47619047619047622, None)
class 7: (0.44285714285714289, 0.5714285714285714, 0.47619047619047622, None)
class 8: (0.44285714285714289, 0.5714285714285714, 0.47619047619047622, None)
class 9: (0.44285714285714289, 0.5714285714285714, 0.47619047619047622, None)
class 10: (0.44285714285714289, 0.5714285714285714, 0.47619047619047622, None)
class 11: (0.44285714285714289, 0.5714285714285714, 0.47619047619047622, None)
class 12: (0.44285714285714289, 0.5714285714285714, 0.47619047619047622, None)
class 13: (0.44285714285714289, 0.5714285714285714, 0.47619047619047622, None)
avg : (0.44285714285714289, 0.5714285714285714, 0.47619047619047622, None)


./runs/300d_glove_probI_ba/1473651769/checkpoints/3000
Test for prob: I
Total number of test examples: 32574
ACC	0.277184257383
MSE	20.3055197397
Confusion matrix 
[[1094    2   11    5   52    2   38   54   18  223    3   69    8   19]
 [  16  892   22  302  120   98   14   17   21  140  379   33  111  109]
 [  99 1480   18  153  165  291   38  141   29  350  277  252  412  414]
 [   6  605    8  570  163   94   38   21   34   36  110  128  275  184]
 [ 331   28   92  161 1021   15  214  200  178  642   32  106   33  137]
 [  46  261    1   23   15   74   10   19   36   67   94   90   49   29]
 [  31   71  137   71  328    3 1097   46   65  201    1    8   38    9]
 [  81  811   32  139  156   72   63  223   33   98  219  434  483  255]
 [ 349   21  313  106  665   85  498  393  833 1196   17  174   73  132]
 [  85    3  100   30  236   17  281   85   79 2083   15   27   25   48]
 [  74   13  167  323  422    4  371  145  243  602  164   30   33   36]
 [  20   12  152   64   45    2  199  157   46  471    9   78   86   30]
 [   6   42    4    4   41    4    2    7    0   10   22   39  692   33]
 [   0    2    0    1   12    3    1    2    6    2    0    2    8  190]]
Normalized confusion matrix
[[  6.85e-01   1.25e-03   6.88e-03   3.13e-03   3.25e-02   1.25e-03
    2.38e-02   3.38e-02   1.13e-02   1.40e-01   1.88e-03   4.32e-02
    5.01e-03   1.19e-02]
 [  7.04e-03   3.92e-01   9.67e-03   1.33e-01   5.28e-02   4.31e-02
    6.16e-03   7.48e-03   9.23e-03   6.16e-02   1.67e-01   1.45e-02
    4.88e-02   4.79e-02]
 [  2.40e-02   3.59e-01   4.37e-03   3.71e-02   4.01e-02   7.06e-02
    9.23e-03   3.42e-02   7.04e-03   8.50e-02   6.72e-02   6.12e-02
    1.00e-01   1.01e-01]
 [  2.64e-03   2.66e-01   3.52e-03   2.51e-01   7.17e-02   4.14e-02
    1.67e-02   9.24e-03   1.50e-02   1.58e-02   4.84e-02   5.63e-02
    1.21e-01   8.10e-02]
 [  1.04e-01   8.78e-03   2.88e-02   5.05e-02   3.20e-01   4.70e-03
    6.71e-02   6.27e-02   5.58e-02   2.01e-01   1.00e-02   3.32e-02
    1.03e-02   4.29e-02]
 [  5.65e-02   3.21e-01   1.23e-03   2.83e-02   1.84e-02   9.09e-02
    1.23e-02   2.33e-02   4.42e-02   8.23e-02   1.15e-01   1.11e-01
    6.02e-02   3.56e-02]
 [  1.47e-02   3.37e-02   6.51e-02   3.37e-02   1.56e-01   1.42e-03
    5.21e-01   2.18e-02   3.09e-02   9.54e-02   4.75e-04   3.80e-03
    1.80e-02   4.27e-03]
 [  2.61e-02   2.62e-01   1.03e-02   4.49e-02   5.03e-02   2.32e-02
    2.03e-02   7.20e-02   1.06e-02   3.16e-02   7.07e-02   1.40e-01
    1.56e-01   8.23e-02]
 [  7.19e-02   4.33e-03   6.45e-02   2.18e-02   1.37e-01   1.75e-02
    1.03e-01   8.09e-02   1.72e-01   2.46e-01   3.50e-03   3.58e-02
    1.50e-02   2.72e-02]
 [  2.73e-02   9.63e-04   3.21e-02   9.63e-03   7.58e-02   5.46e-03
    9.02e-02   2.73e-02   2.54e-02   6.69e-01   4.82e-03   8.67e-03
    8.03e-03   1.54e-02]
 [  2.82e-02   4.95e-03   6.36e-02   1.23e-01   1.61e-01   1.52e-03
    1.41e-01   5.52e-02   9.25e-02   2.29e-01   6.24e-02   1.14e-02
    1.26e-02   1.37e-02]
 [  1.46e-02   8.75e-03   1.11e-01   4.67e-02   3.28e-02   1.46e-03
    1.45e-01   1.15e-01   3.36e-02   3.44e-01   6.56e-03   5.69e-02
    6.27e-02   2.19e-02]
 [  6.62e-03   4.64e-02   4.42e-03   4.42e-03   4.53e-02   4.42e-03
    2.21e-03   7.73e-03   0.00e+00   1.10e-02   2.43e-02   4.30e-02
    7.64e-01   3.64e-02]
 [  0.00e+00   8.73e-03   0.00e+00   4.37e-03   5.24e-02   1.31e-02
    4.37e-03   8.73e-03   2.62e-02   8.73e-03   0.00e+00   8.73e-03
    3.49e-02   8.30e-01]]
File:0
[ 331   28   92  161 1021   15  214  200  178  642   32  106   33  136]   pred: 4   true: 4
File:1
[  6 605   8 570 163  94  38  21  34  35 110 128 275 184]   pred: 1   true: 3
File:2
[  31   71  137   71  327    3 1097   46   65  201    1    8   38    9]   pred: 6   true: 6
File:3
[  85    3  100   30  236   17  280   85   79 2083   15   27   25   48]   pred: 9   true: 9
File:4
[ 349   21  313  106  665   85  497  393  833 1196   17  174   73  132]   pred: 9   true: 8
File:5
[ 74  13 167 322 422   4 371 145 243 602 164  30  33  36]   pred: 9   true: 10
File:6
[1093    2   11    5   52    2   38   54   18  223    3   69    8   19]   pred: 0   true: 0
File:7
[ 81 810  32 139 156  72  63 223  33  98 219 434 483 255]   pred: 1   true: 7
File:8
[ 46 260   1  23  15  74  10  19  36  67  94  90  49  29]   pred: 1   true: 5
File:9
[  99 1480   18  153  165  291   38  141   29  349  277  252  412  414]   pred: 1   true: 2
File:10
[ 16 891  22 302 120  98  14  17  21 140 379  33 111 109]   pred: 1   true: 1
File:11
[  6  42   4   4  41   4   2   7   0  10  22  39 691  33]   pred: 12   true: 12
File:12
[  0   2   0   1  12   3   1   2   6   2   0   2   7 190]   pred: 13   true: 13
File:13
[ 20  12 152  64  45   2 199 157  46 470   9  78  86  30]   pred: 9   true: 11

Document ACC
Doc ACC: 7
Doc ACC: 0.5 (norm)
precision recall fscore support
class 0: (0.38928571428571429, 0.5, 0.40952380952380951, None)
class 1: (0.38928571428571429, 0.5, 0.40952380952380951, None)
class 2: (0.38928571428571429, 0.5, 0.40952380952380951, None)
class 3: (0.38928571428571429, 0.5, 0.40952380952380951, None)
class 4: (0.38928571428571429, 0.5, 0.40952380952380951, None)
class 5: (0.38928571428571429, 0.5, 0.40952380952380951, None)
class 6: (0.38928571428571429, 0.5, 0.40952380952380951, None)
class 7: (0.38928571428571429, 0.5, 0.40952380952380951, None)
class 8: (0.38928571428571429, 0.5, 0.40952380952380951, None)
class 9: (0.38928571428571429, 0.5, 0.40952380952380951, None)
class 10: (0.38928571428571429, 0.5, 0.40952380952380951, None)
class 11: (0.38928571428571429, 0.5, 0.40952380952380951, None)
class 12: (0.38928571428571429, 0.5, 0.40952380952380951, None)
class 13: (0.38928571428571429, 0.5, 0.40952380952380951, None)
avg : (0.38928571428571429, 0.5, 0.40952380952380951, None)


./runs/300d_glove_probI_ba/1473651769/checkpoints/3250
Test for prob: I
Total number of test examples: 32574
ACC	0.263676551851
MSE	21.8320746608
Confusion matrix 
[[1095    5   22    6   29    0   32   90   16  201   11   56   22   13]
 [  18  949   48  224   70   71   11   22   26  135  451    8  141  100]
 [  92 1577   63  135  121  184   28  204   39  314  361  134  468  399]
 [   8  598   46  480  124   74   31   38   29   38  173   81  360  192]
 [ 299   43  300  201  715   13  201  377  213  543   54   82   49  100]
 [  42  313    4   17   10   44    7   33   41   58  109   52   53   31]
 [  27   81  307   74  242    0 1013   79   54  159   10    4   50    6]
 [  73  836   61  107  103   54   42  305   24   93  265  264  605  267]
 [ 314   34  787  116  474   57  358  698  773  863   29  136  124   92]
 [  85   11  235   41  154    8  255  160   62 1985   22   22   35   39]
 [  61   29  438  355  245    2  271  255  206  469  212   15   41   28]
 [  14   19  335   54   21    1  124  222   48  344   12   49  109   19]
 [   3   43    4    1    2    4    0    9    0   48   25   15  733   19]
 [   0    2    1    3   18    0    1    3   11    2    0    2   13  173]]
Normalized confusion matrix
[[  6.85e-01   3.13e-03   1.38e-02   3.75e-03   1.81e-02   0.00e+00
    2.00e-02   5.63e-02   1.00e-02   1.26e-01   6.88e-03   3.50e-02
    1.38e-02   8.14e-03]
 [  7.92e-03   4.17e-01   2.11e-02   9.85e-02   3.08e-02   3.12e-02
    4.84e-03   9.67e-03   1.14e-02   5.94e-02   1.98e-01   3.52e-03
    6.20e-02   4.40e-02]
 [  2.23e-02   3.83e-01   1.53e-02   3.28e-02   2.94e-02   4.47e-02
    6.80e-03   4.95e-02   9.47e-03   7.62e-02   8.76e-02   3.25e-02
    1.14e-01   9.69e-02]
 [  3.52e-03   2.63e-01   2.02e-02   2.11e-01   5.46e-02   3.26e-02
    1.36e-02   1.67e-02   1.28e-02   1.67e-02   7.61e-02   3.57e-02
    1.58e-01   8.45e-02]
 [  9.37e-02   1.35e-02   9.40e-02   6.30e-02   2.24e-01   4.08e-03
    6.30e-02   1.18e-01   6.68e-02   1.70e-01   1.69e-02   2.57e-02
    1.54e-02   3.13e-02]
 [  5.16e-02   3.85e-01   4.91e-03   2.09e-02   1.23e-02   5.41e-02
    8.60e-03   4.05e-02   5.04e-02   7.13e-02   1.34e-01   6.39e-02
    6.51e-02   3.81e-02]
 [  1.28e-02   3.85e-02   1.46e-01   3.51e-02   1.15e-01   0.00e+00
    4.81e-01   3.75e-02   2.56e-02   7.55e-02   4.75e-03   1.90e-03
    2.37e-02   2.85e-03]
 [  2.36e-02   2.70e-01   1.97e-02   3.45e-02   3.32e-02   1.74e-02
    1.36e-02   9.84e-02   7.74e-03   3.00e-02   8.55e-02   8.52e-02
    1.95e-01   8.62e-02]
 [  6.47e-02   7.00e-03   1.62e-01   2.39e-02   9.76e-02   1.17e-02
    7.37e-02   1.44e-01   1.59e-01   1.78e-01   5.97e-03   2.80e-02
    2.55e-02   1.89e-02]
 [  2.73e-02   3.53e-03   7.55e-02   1.32e-02   4.95e-02   2.57e-03
    8.19e-02   5.14e-02   1.99e-02   6.37e-01   7.06e-03   7.06e-03
    1.12e-02   1.25e-02]
 [  2.32e-02   1.10e-02   1.67e-01   1.35e-01   9.33e-02   7.61e-04
    1.03e-01   9.71e-02   7.84e-02   1.79e-01   8.07e-02   5.71e-03
    1.56e-02   1.07e-02]
 [  1.02e-02   1.39e-02   2.44e-01   3.94e-02   1.53e-02   7.29e-04
    9.04e-02   1.62e-01   3.50e-02   2.51e-01   8.75e-03   3.57e-02
    7.95e-02   1.39e-02]
 [  3.31e-03   4.75e-02   4.42e-03   1.10e-03   2.21e-03   4.42e-03
    0.00e+00   9.93e-03   0.00e+00   5.30e-02   2.76e-02   1.66e-02
    8.09e-01   2.10e-02]
 [  0.00e+00   8.73e-03   4.37e-03   1.31e-02   7.86e-02   0.00e+00
    4.37e-03   1.31e-02   4.80e-02   8.73e-03   0.00e+00   8.73e-03
    5.68e-02   7.55e-01]]
File:0
[299  43 299 201 715  13 201 377 213 543  54  82  49 100]   pred: 4   true: 4
File:1
[  8 598  46 480 124  74  31  38  29  37 173  81 360 192]   pred: 1   true: 3
File:2
[  27   80  307   74  242    0 1013   79   54  159   10    4   50    6]   pred: 6   true: 6
File:3
[  85   11  235   41  154    8  254  160   62 1985   22   22   35   39]   pred: 9   true: 9
File:4
[314  34 787 116 474  57 358 698 772 863  29 136 124  92]   pred: 9   true: 8
File:5
[ 61  29 438 354 245   2 271 255 206 469 212  15  41  28]   pred: 9   true: 10
File:6
[1094    5   22    6   29    0   32   90   16  201   11   56   22   13]   pred: 0   true: 0
File:7
[ 73 835  61 107 103  54  42 305  24  93 265 264 605 267]   pred: 1   true: 7
File:8
[ 42 312   4  17  10  44   7  33  41  58 109  52  53  31]   pred: 1   true: 5
File:9
[  92 1577   63  135  121  184   28  204   39  313  361  134  468  399]   pred: 1   true: 2
File:10
[ 18 948  48 224  70  71  11  22  26 135 451   8 141 100]   pred: 1   true: 1
File:11
[  3  43   4   1   2   4   0   9   0  48  25  15 732  19]   pred: 12   true: 12
File:12
[  0   2   1   3  18   0   1   3  11   2   0   2  12 173]   pred: 13   true: 13
File:13
[ 14  19 334  54  21   1 124 222  48 344  12  49 109  19]   pred: 9   true: 11

Document ACC
Doc ACC: 7
Doc ACC: 0.5 (norm)
precision recall fscore support
class 0: (0.38928571428571429, 0.5, 0.40952380952380951, None)
class 1: (0.38928571428571429, 0.5, 0.40952380952380951, None)
class 2: (0.38928571428571429, 0.5, 0.40952380952380951, None)
class 3: (0.38928571428571429, 0.5, 0.40952380952380951, None)
class 4: (0.38928571428571429, 0.5, 0.40952380952380951, None)
class 5: (0.38928571428571429, 0.5, 0.40952380952380951, None)
class 6: (0.38928571428571429, 0.5, 0.40952380952380951, None)
class 7: (0.38928571428571429, 0.5, 0.40952380952380951, None)
class 8: (0.38928571428571429, 0.5, 0.40952380952380951, None)
class 9: (0.38928571428571429, 0.5, 0.40952380952380951, None)
class 10: (0.38928571428571429, 0.5, 0.40952380952380951, None)
class 11: (0.38928571428571429, 0.5, 0.40952380952380951, None)
class 12: (0.38928571428571429, 0.5, 0.40952380952380951, None)
class 13: (0.38928571428571429, 0.5, 0.40952380952380951, None)
avg : (0.38928571428571429, 0.5, 0.40952380952380951, None)


./runs/300d_glove_probI_ba/1473651769/checkpoints/3500
Test for prob: I
Total number of test examples: 32574
ACC	0.291490145515
MSE	18.4254313256
Confusion matrix 
[[1073    3    7    6   15    7   41   73   53  235    3   46   16   20]
 [  15  889   21  162   30  250   27   25   60  146  422    3   84  140]
 [  72 1436   15   87   56  631   63  170  100  372  300   77  226  514]
 [   5  579   10  427   32  290   91   43   85   42  181   58  175  254]
 [ 303   60   50  150  409   34  418  326  549  635   35   37   37  147]
 [  31  257    1   12    8  137   13   22   66   77   83   29   32   46]
 [  23   82   91   56  169    3 1130   50  239  210    5    2   37    9]
 [  74  837   24   87   43  259  111  305   97  103  282  169  314  394]
 [ 232   30  101   75  182  107  494  477 1906  954   14   63   98  122]
 [  83   16   47   26   93   27  269  133  197 2122   15   12   29   45]
 [  62   31   73  236  110   11  369  193  698  587  168    9   40   40]
 [  10   21   48   37   12    1  269  168  223  413    7   37   95   30]
 [   6   44    1    2   38   12    4    7    1   11   20   11  703   46]
 [   0    2    1    1    5   11    3    3   16    2    0    2    9  174]]
Normalized confusion matrix
[[  6.71e-01   1.88e-03   4.38e-03   3.75e-03   9.39e-03   4.38e-03
    2.57e-02   4.57e-02   3.32e-02   1.47e-01   1.88e-03   2.88e-02
    1.00e-02   1.25e-02]
 [  6.60e-03   3.91e-01   9.23e-03   7.12e-02   1.32e-02   1.10e-01
    1.19e-02   1.10e-02   2.64e-02   6.42e-02   1.86e-01   1.32e-03
    3.69e-02   6.16e-02]
 [  1.75e-02   3.49e-01   3.64e-03   2.11e-02   1.36e-02   1.53e-01
    1.53e-02   4.13e-02   2.43e-02   9.03e-02   7.28e-02   1.87e-02
    5.49e-02   1.25e-01]
 [  2.20e-03   2.55e-01   4.40e-03   1.88e-01   1.41e-02   1.28e-01
    4.01e-02   1.89e-02   3.74e-02   1.85e-02   7.97e-02   2.55e-02
    7.70e-02   1.12e-01]
 [  9.50e-02   1.88e-02   1.57e-02   4.70e-02   1.28e-01   1.07e-02
    1.31e-01   1.02e-01   1.72e-01   1.99e-01   1.10e-02   1.16e-02
    1.16e-02   4.61e-02]
 [  3.81e-02   3.16e-01   1.23e-03   1.47e-02   9.83e-03   1.68e-01
    1.60e-02   2.70e-02   8.11e-02   9.46e-02   1.02e-01   3.56e-02
    3.93e-02   5.65e-02]
 [  1.09e-02   3.89e-02   4.32e-02   2.66e-02   8.02e-02   1.42e-03
    5.37e-01   2.37e-02   1.13e-01   9.97e-02   2.37e-03   9.50e-04
    1.76e-02   4.27e-03]
 [  2.39e-02   2.70e-01   7.74e-03   2.81e-02   1.39e-02   8.36e-02
    3.58e-02   9.84e-02   3.13e-02   3.32e-02   9.10e-02   5.45e-02
    1.01e-01   1.27e-01]
 [  4.78e-02   6.18e-03   2.08e-02   1.54e-02   3.75e-02   2.20e-02
    1.02e-01   9.82e-02   3.93e-01   1.96e-01   2.88e-03   1.30e-02
    2.02e-02   2.51e-02]
 [  2.67e-02   5.14e-03   1.51e-02   8.35e-03   2.99e-02   8.67e-03
    8.64e-02   4.27e-02   6.33e-02   6.81e-01   4.82e-03   3.85e-03
    9.31e-03   1.45e-02]
 [  2.36e-02   1.18e-02   2.78e-02   8.98e-02   4.19e-02   4.19e-03
    1.40e-01   7.35e-02   2.66e-01   2.23e-01   6.40e-02   3.43e-03
    1.52e-02   1.52e-02]
 [  7.29e-03   1.53e-02   3.50e-02   2.70e-02   8.75e-03   7.29e-04
    1.96e-01   1.23e-01   1.63e-01   3.01e-01   5.11e-03   2.70e-02
    6.93e-02   2.19e-02]
 [  6.62e-03   4.86e-02   1.10e-03   2.21e-03   4.19e-02   1.32e-02
    4.42e-03   7.73e-03   1.10e-03   1.21e-02   2.21e-02   1.21e-02
    7.76e-01   5.08e-02]
 [  0.00e+00   8.73e-03   4.37e-03   4.37e-03   2.18e-02   4.80e-02
    1.31e-02   1.31e-02   6.99e-02   8.73e-03   0.00e+00   8.73e-03
    3.93e-02   7.60e-01]]
File:0
[303  60  50 150 409  34 418 326 549 635  35  37  37 146]   pred: 9   true: 4
File:1
[  5 579  10 427  32 290  91  43  85  41 181  58 175 254]   pred: 1   true: 3
File:2
[  23   81   91   56  169    3 1130   50  239  210    5    2   37    9]   pred: 6   true: 6
File:3
[  83   16   47   26   93   27  268  133  197 2122   15   12   29   45]   pred: 9   true: 9
File:4
[ 232   30  101   75  182  107  494  477 1905  954   14   63   98  122]   pred: 8   true: 8
File:5
[ 62  31  73 235 110  11 369 193 698 587 168   9  40  40]   pred: 8   true: 10
File:6
[1072    3    7    6   15    7   41   73   53  235    3   46   16   20]   pred: 0   true: 0
File:7
[ 74 836  24  87  43 259 111 305  97 103 282 169 314 394]   pred: 1   true: 7
File:8
[ 31 256   1  12   8 137  13  22  66  77  83  29  32  46]   pred: 1   true: 5
File:9
[  72 1436   15   87   56  631   63  170  100  371  300   77  226  514]   pred: 1   true: 2
File:10
[ 15 888  21 162  30 250  27  25  60 146 422   3  84 140]   pred: 1   true: 1
File:11
[  6  44   1   2  38  12   4   7   1  11  20  11 702  46]   pred: 12   true: 12
File:12
[  0   2   1   1   5  11   3   3  16   2   0   2   8 174]   pred: 13   true: 13
File:13
[ 10  21  48  37  12   1 269 168 222 413   7  37  95  30]   pred: 9   true: 11

Document ACC
Doc ACC: 7
Doc ACC: 0.5 (norm)
precision recall fscore support
class 0: (0.35952380952380952, 0.5, 0.39285714285714285, None)
class 1: (0.35952380952380952, 0.5, 0.39285714285714285, None)
class 2: (0.35952380952380952, 0.5, 0.39285714285714285, None)
class 3: (0.35952380952380952, 0.5, 0.39285714285714285, None)
class 4: (0.35952380952380952, 0.5, 0.39285714285714285, None)
class 5: (0.35952380952380952, 0.5, 0.39285714285714285, None)
class 6: (0.35952380952380952, 0.5, 0.39285714285714285, None)
class 7: (0.35952380952380952, 0.5, 0.39285714285714285, None)
class 8: (0.35952380952380952, 0.5, 0.39285714285714285, None)
class 9: (0.35952380952380952, 0.5, 0.39285714285714285, None)
class 10: (0.35952380952380952, 0.5, 0.39285714285714285, None)
class 11: (0.35952380952380952, 0.5, 0.39285714285714285, None)
class 12: (0.35952380952380952, 0.5, 0.39285714285714285, None)
class 13: (0.35952380952380952, 0.5, 0.39285714285714285, None)
avg : (0.35952380952380952, 0.5, 0.39285714285714285, None)


===== Filter Size: 100
===== L2 Norm: 0.1
===== Drop Out: 0.75


./runs/300d_glove_probI_ba/1473653114/checkpoints/2000
Test for prob: I
Total number of test examples: 32574
ACC	0.254190458648
MSE	23.5230858967
Confusion matrix 
[[1186    1   30    3    8    1   50   36   21  183    5   48    7   19]
 [  28  606   97  490   13   78   17   15   28  124  542   10  119  107]
 [ 226 1352  141  314   23  290   40   99   25  220  302   98  455  534]
 [  28  365  117  901    7   95   37   17   21   28  129   62  269  196]
 [ 443   32  599  325  189   14  299  192  342  416   46   48   27  218]
 [ 104  231   21   41    0   72    3   22   39   35  134   40   45   27]
 [  37   43  579   77   52    1  979   22  101  155    7    6   29   18]
 [ 145  627  146  262   16   66   56  214   23   56  268  199  699  322]
 [ 506   21 1343  172   67   39  441  325 1051  591   21   49   68  161]
 [ 121    9  420   36   34    8  307  103  111 1814   19   19   27   86]
 [  93    2  626  356   30    2  304   86  427  411  178    6   27   79]
 [  29    2  477   44    2    0  149   93   66  324   10   43   80   52]
 [  13   43   13    6    0    3    3    6    0   44   22   12  714   27]
 [   2    2    2   12    0    1    2    3    3    2    0    1    7  192]]
Normalized confusion matrix
[[  7.42e-01   6.26e-04   1.88e-02   1.88e-03   5.01e-03   6.26e-04
    3.13e-02   2.25e-02   1.31e-02   1.15e-01   3.13e-03   3.00e-02
    4.38e-03   1.19e-02]
 [  1.23e-02   2.66e-01   4.27e-02   2.15e-01   5.72e-03   3.43e-02
    7.48e-03   6.60e-03   1.23e-02   5.45e-02   2.38e-01   4.40e-03
    5.23e-02   4.71e-02]
 [  5.49e-02   3.28e-01   3.42e-02   7.62e-02   5.58e-03   7.04e-02
    9.71e-03   2.40e-02   6.07e-03   5.34e-02   7.33e-02   2.38e-02
    1.10e-01   1.30e-01]
 [  1.23e-02   1.61e-01   5.15e-02   3.97e-01   3.08e-03   4.18e-02
    1.63e-02   7.48e-03   9.24e-03   1.23e-02   5.68e-02   2.73e-02
    1.18e-01   8.63e-02]
 [  1.39e-01   1.00e-02   1.88e-01   1.02e-01   5.92e-02   4.39e-03
    9.37e-02   6.02e-02   1.07e-01   1.30e-01   1.44e-02   1.50e-02
    8.46e-03   6.83e-02]
 [  1.28e-01   2.84e-01   2.58e-02   5.04e-02   0.00e+00   8.85e-02
    3.69e-03   2.70e-02   4.79e-02   4.30e-02   1.65e-01   4.91e-02
    5.53e-02   3.32e-02]
 [  1.76e-02   2.04e-02   2.75e-01   3.66e-02   2.47e-02   4.75e-04
    4.65e-01   1.04e-02   4.80e-02   7.36e-02   3.32e-03   2.85e-03
    1.38e-02   8.55e-03]
 [  4.68e-02   2.02e-01   4.71e-02   8.45e-02   5.16e-03   2.13e-02
    1.81e-02   6.91e-02   7.42e-03   1.81e-02   8.65e-02   6.42e-02
    2.26e-01   1.04e-01]
 [  1.04e-01   4.33e-03   2.77e-01   3.54e-02   1.38e-02   8.03e-03
    9.08e-02   6.69e-02   2.16e-01   1.22e-01   4.33e-03   1.01e-02
    1.40e-02   3.32e-02]
 [  3.89e-02   2.89e-03   1.35e-01   1.16e-02   1.09e-02   2.57e-03
    9.86e-02   3.31e-02   3.56e-02   5.83e-01   6.10e-03   6.10e-03
    8.67e-03   2.76e-02]
 [  3.54e-02   7.61e-04   2.38e-01   1.36e-01   1.14e-02   7.61e-04
    1.16e-01   3.27e-02   1.63e-01   1.56e-01   6.78e-02   2.28e-03
    1.03e-02   3.01e-02]
 [  2.12e-02   1.46e-03   3.48e-01   3.21e-02   1.46e-03   0.00e+00
    1.09e-01   6.78e-02   4.81e-02   2.36e-01   7.29e-03   3.14e-02
    5.84e-02   3.79e-02]
 [  1.43e-02   4.75e-02   1.43e-02   6.62e-03   0.00e+00   3.31e-03
    3.31e-03   6.62e-03   0.00e+00   4.86e-02   2.43e-02   1.32e-02
    7.88e-01   2.98e-02]
 [  8.73e-03   8.73e-03   8.73e-03   5.24e-02   0.00e+00   4.37e-03
    8.73e-03   1.31e-02   1.31e-02   8.73e-03   0.00e+00   4.37e-03
    3.06e-02   8.38e-01]]
File:0
[443  32 598 325 189  14 299 192 342 416  46  48  27 218]   pred: 2   true: 4
File:1
[ 28 365 117 901   7  95  37  17  21  27 129  62 269 196]   pred: 3   true: 3
File:2
[ 37  43 579  77  52   1 979  22 101 155   7   6  29  17]   pred: 6   true: 6
File:3
[ 121    9  420   36   34    8  307  103  111 1813   19   19   27   86]   pred: 9   true: 9
File:4
[ 506   21 1343  172   67   39  440  325 1051  591   21   49   68  161]   pred: 2   true: 8
File:5
[ 93   2 626 355  30   2 304  86 427 411 178   6  27  79]   pred: 2   true: 10
File:6
[1185    1   30    3    8    1   50   36   21  183    5   48    7   19]   pred: 0   true: 0
File:7
[145 626 146 262  16  66  56 214  23  56 268 199 699 322]   pred: 12   true: 7
File:8
[104 230  21  41   0  72   3  22  39  35 134  40  45  27]   pred: 1   true: 5
File:9
[ 225 1352  141  314   23  290   40   99   25  220  302   98  455  534]   pred: 1   true: 2
File:10
[ 28 605  97 490  13  78  17  15  28 124 542  10 119 107]   pred: 1   true: 1
File:11
[ 13  43  13   6   0   3   3   6   0  44  22  12 713  27]   pred: 12   true: 12
File:12
[  2   2   2  12   0   1   2   3   3   2   0   1   6 192]   pred: 13   true: 13
File:13
[ 29   2 476  44   2   0 149  93  66 324  10  43  80  52]   pred: 2   true: 11

Document ACC
Doc ACC: 7
Doc ACC: 0.5 (norm)
precision recall fscore support
class 0: (0.41666666666666663, 0.5, 0.44047619047619052, None)
class 1: (0.41666666666666663, 0.5, 0.44047619047619052, None)
class 2: (0.41666666666666663, 0.5, 0.44047619047619052, None)
class 3: (0.41666666666666663, 0.5, 0.44047619047619052, None)
class 4: (0.41666666666666663, 0.5, 0.44047619047619052, None)
class 5: (0.41666666666666663, 0.5, 0.44047619047619052, None)
class 6: (0.41666666666666663, 0.5, 0.44047619047619052, None)
class 7: (0.41666666666666663, 0.5, 0.44047619047619052, None)
class 8: (0.41666666666666663, 0.5, 0.44047619047619052, None)
class 9: (0.41666666666666663, 0.5, 0.44047619047619052, None)
class 10: (0.41666666666666663, 0.5, 0.44047619047619052, None)
class 11: (0.41666666666666663, 0.5, 0.44047619047619052, None)
class 12: (0.41666666666666663, 0.5, 0.44047619047619052, None)
class 13: (0.41666666666666663, 0.5, 0.44047619047619052, None)
avg : (0.41666666666666663, 0.5, 0.44047619047619052, None)


./runs/300d_glove_probI_ba/1473653114/checkpoints/2250
Test for prob: I
Total number of test examples: 32574
ACC	0.289985878308
MSE	20.7070055873
Confusion matrix 
[[1070    3    9    2   28    0   38  110   43  182   11   77    8   17]
 [  14  925   29  263   43   66   16   40   80  135  341   19   81  222]
 [  67 1564   48  154   54  137   36  270  102  282  157  139  366  743]
 [   8  665   49  534   50   61   53   68   99   30   54   75  182  344]
 [ 229   54  163  185  438    7  252  433  673  451   41   65   24  175]
 [  30  296    7   17    6   40    4   73   67   55   82   42   31   64]
 [  29   53  277   47  134    1 1098   83  154  167    8    6   37   12]
 [  74  849   65  138   51   28   56  359   60   63  110  229  462  555]
 [ 202   39  365   71  188   27  342  774 1893  647   24   87   47  149]
 [  57    9  134   25  112    4  262  257  202 1913   20   24   30   65]
 [  45   17  195  273  137    1  331  216  741  375  188   18   26   64]
 [  15   15  153   33    5    0  158  281  139  370    9   66   78   49]
 [   5   52    6    4    0    4    3   14    2   47   14   26  680   49]
 [   0    3    0    3    5    0    2    3   12    2    0    1    4  194]]
Normalized confusion matrix
[[  6.70e-01   1.88e-03   5.63e-03   1.25e-03   1.75e-02   0.00e+00
    2.38e-02   6.88e-02   2.69e-02   1.14e-01   6.88e-03   4.82e-02
    5.01e-03   1.06e-02]
 [  6.16e-03   4.07e-01   1.28e-02   1.16e-01   1.89e-02   2.90e-02
    7.04e-03   1.76e-02   3.52e-02   5.94e-02   1.50e-01   8.36e-03
    3.56e-02   9.76e-02]
 [  1.63e-02   3.80e-01   1.17e-02   3.74e-02   1.31e-02   3.33e-02
    8.74e-03   6.55e-02   2.48e-02   6.85e-02   3.81e-02   3.37e-02
    8.89e-02   1.80e-01]
 [  3.52e-03   2.93e-01   2.16e-02   2.35e-01   2.20e-02   2.68e-02
    2.33e-02   2.99e-02   4.36e-02   1.32e-02   2.38e-02   3.30e-02
    8.01e-02   1.51e-01]
 [  7.18e-02   1.69e-02   5.11e-02   5.80e-02   1.37e-01   2.19e-03
    7.90e-02   1.36e-01   2.11e-01   1.41e-01   1.29e-02   2.04e-02
    7.52e-03   5.49e-02]
 [  3.69e-02   3.64e-01   8.60e-03   2.09e-02   7.37e-03   4.91e-02
    4.91e-03   8.97e-02   8.23e-02   6.76e-02   1.01e-01   5.16e-02
    3.81e-02   7.86e-02]
 [  1.38e-02   2.52e-02   1.32e-01   2.23e-02   6.36e-02   4.75e-04
    5.21e-01   3.94e-02   7.31e-02   7.93e-02   3.80e-03   2.85e-03
    1.76e-02   5.70e-03]
 [  2.39e-02   2.74e-01   2.10e-02   4.45e-02   1.65e-02   9.04e-03
    1.81e-02   1.16e-01   1.94e-02   2.03e-02   3.55e-02   7.39e-02
    1.49e-01   1.79e-01]
 [  4.16e-02   8.03e-03   7.52e-02   1.46e-02   3.87e-02   5.56e-03
    7.04e-02   1.59e-01   3.90e-01   1.33e-01   4.94e-03   1.79e-02
    9.68e-03   3.07e-02]
 [  1.83e-02   2.89e-03   4.30e-02   8.03e-03   3.60e-02   1.28e-03
    8.41e-02   8.25e-02   6.49e-02   6.14e-01   6.42e-03   7.71e-03
    9.63e-03   2.09e-02]
 [  1.71e-02   6.47e-03   7.42e-02   1.04e-01   5.22e-02   3.81e-04
    1.26e-01   8.22e-02   2.82e-01   1.43e-01   7.16e-02   6.85e-03
    9.90e-03   2.44e-02]
 [  1.09e-02   1.09e-02   1.12e-01   2.41e-02   3.65e-03   0.00e+00
    1.15e-01   2.05e-01   1.01e-01   2.70e-01   6.56e-03   4.81e-02
    5.69e-02   3.57e-02]
 [  5.52e-03   5.74e-02   6.62e-03   4.42e-03   0.00e+00   4.42e-03
    3.31e-03   1.55e-02   2.21e-03   5.19e-02   1.55e-02   2.87e-02
    7.51e-01   5.41e-02]
 [  0.00e+00   1.31e-02   0.00e+00   1.31e-02   2.18e-02   0.00e+00
    8.73e-03   1.31e-02   5.24e-02   8.73e-03   0.00e+00   4.37e-03
    1.75e-02   8.47e-01]]
File:0
[229  54 162 185 438   7 252 433 673 451  41  65  24 175]   pred: 8   true: 4
File:1
[  8 665  49 534  50  61  53  68  99  29  54  75 182 344]   pred: 1   true: 3
File:2
[  29   53  277   47  134    1 1098   83  154  167    8    5   37   12]   pred: 6   true: 6
File:3
[  57    9  134   25  112    4  262  257  202 1912   20   24   30   65]   pred: 9   true: 9
File:4
[ 202   39  365   71  188   27  342  774 1892  647   24   87   47  149]   pred: 8   true: 8
File:5
[ 45  17 195 272 137   1 331 216 741 375 188  18  26  64]   pred: 8   true: 10
File:6
[1069    3    9    2   28    0   38  110   43  182   11   77    8   17]   pred: 0   true: 0
File:7
[ 74 848  65 138  51  28  56 359  60  63 110 229 462 555]   pred: 1   true: 7
File:8
[ 30 295   7  17   6  40   4  73  67  55  82  42  31  64]   pred: 1   true: 5
File:9
[  66 1564   48  154   54  137   36  270  102  282  157  139  366  743]   pred: 1   true: 2
File:10
[ 14 924  29 263  43  66  16  40  80 135 341  19  81 222]   pred: 1   true: 1
File:11
[  5  52   6   4   0   4   3  14   2  47  14  26 679  49]   pred: 12   true: 12
File:12
[  0   3   0   3   5   0   2   3  12   2   0   1   3 194]   pred: 13   true: 13
File:13
[ 15  15 153  33   5   0 158 280 139 370   9  66  78  49]   pred: 9   true: 11

Document ACC
Doc ACC: 7
Doc ACC: 0.5 (norm)
precision recall fscore support
class 0: (0.35952380952380952, 0.5, 0.39285714285714285, None)
class 1: (0.35952380952380952, 0.5, 0.39285714285714285, None)
class 2: (0.35952380952380952, 0.5, 0.39285714285714285, None)
class 3: (0.35952380952380952, 0.5, 0.39285714285714285, None)
class 4: (0.35952380952380952, 0.5, 0.39285714285714285, None)
class 5: (0.35952380952380952, 0.5, 0.39285714285714285, None)
class 6: (0.35952380952380952, 0.5, 0.39285714285714285, None)
class 7: (0.35952380952380952, 0.5, 0.39285714285714285, None)
class 8: (0.35952380952380952, 0.5, 0.39285714285714285, None)
class 9: (0.35952380952380952, 0.5, 0.39285714285714285, None)
class 10: (0.35952380952380952, 0.5, 0.39285714285714285, None)
class 11: (0.35952380952380952, 0.5, 0.39285714285714285, None)
class 12: (0.35952380952380952, 0.5, 0.39285714285714285, None)
class 13: (0.35952380952380952, 0.5, 0.39285714285714285, None)
avg : (0.35952380952380952, 0.5, 0.39285714285714285, None)


./runs/300d_glove_probI_ba/1473653114/checkpoints/2500
Test for prob: I
Total number of test examples: 32574
ACC	0.271535580524
MSE	19.2366304415
Confusion matrix 
[[1088    9    8    8   53    0   32   69   11  220    8   74   13    5]
 [  13  849   18  264  113   75   14   20   15  127  596   26  103   41]
 [  84 1579   15  203  143  251   48  230   22  332  425  184  416  187]
 [  13  682    8  628  157   68   43   44    6   26  166   81  268   82]
 [ 302   71   87  346  843   11  267  346  203  521   30   83   37   43]
 [  36  306    2   20   16   59    8   41   31   61  132   55   41    6]
 [  40   63  121   86  320    1 1124   62   37  197    0    6   48    1]
 [  79  788   20  165  138   32   65  311   12   84  302  320  620  163]
 [ 305   78  290  228  643   58  513  771  796  876   13  114  136   34]
 [  81   21  111   47  234   11  249  143   87 2040   15   24   36   15]
 [  71   25  138  511  300    7  428  227  245  435  174   22   29   15]
 [  19   21   92   74   34    1  200  261   23  440   10   70  118    8]
 [   5   39    4    4   39    1    1    9    0    8   26   25  733   12]
 [   2    6    0   32   35    4    3   11    1    2    0    4   14  115]]
Normalized confusion matrix
[[  6.81e-01   5.63e-03   5.01e-03   5.01e-03   3.32e-02   0.00e+00
    2.00e-02   4.32e-02   6.88e-03   1.38e-01   5.01e-03   4.63e-02
    8.14e-03   3.13e-03]
 [  5.72e-03   3.73e-01   7.92e-03   1.16e-01   4.97e-02   3.30e-02
    6.16e-03   8.80e-03   6.60e-03   5.58e-02   2.62e-01   1.14e-02
    4.53e-02   1.80e-02]
 [  2.04e-02   3.83e-01   3.64e-03   4.93e-02   3.47e-02   6.09e-02
    1.17e-02   5.58e-02   5.34e-03   8.06e-02   1.03e-01   4.47e-02
    1.01e-01   4.54e-02]
 [  5.72e-03   3.00e-01   3.52e-03   2.76e-01   6.91e-02   2.99e-02
    1.89e-02   1.94e-02   2.64e-03   1.14e-02   7.31e-02   3.57e-02
    1.18e-01   3.61e-02]
 [  9.47e-02   2.23e-02   2.73e-02   1.08e-01   2.64e-01   3.45e-03
    8.37e-02   1.08e-01   6.36e-02   1.63e-01   9.40e-03   2.60e-02
    1.16e-02   1.35e-02]
 [  4.42e-02   3.76e-01   2.46e-03   2.46e-02   1.97e-02   7.25e-02
    9.83e-03   5.04e-02   3.81e-02   7.49e-02   1.62e-01   6.76e-02
    5.04e-02   7.37e-03]
 [  1.90e-02   2.99e-02   5.75e-02   4.08e-02   1.52e-01   4.75e-04
    5.34e-01   2.94e-02   1.76e-02   9.35e-02   0.00e+00   2.85e-03
    2.28e-02   4.75e-04]
 [  2.55e-02   2.54e-01   6.45e-03   5.32e-02   4.45e-02   1.03e-02
    2.10e-02   1.00e-01   3.87e-03   2.71e-02   9.75e-02   1.03e-01
    2.00e-01   5.26e-02]
 [  6.28e-02   1.61e-02   5.97e-02   4.70e-02   1.32e-01   1.19e-02
    1.06e-01   1.59e-01   1.64e-01   1.80e-01   2.68e-03   2.35e-02
    2.80e-02   7.00e-03]
 [  2.60e-02   6.74e-03   3.56e-02   1.51e-02   7.51e-02   3.53e-03
    8.00e-02   4.59e-02   2.79e-02   6.55e-01   4.82e-03   7.71e-03
    1.16e-02   4.82e-03]
 [  2.70e-02   9.52e-03   5.25e-02   1.95e-01   1.14e-01   2.66e-03
    1.63e-01   8.64e-02   9.33e-02   1.66e-01   6.62e-02   8.37e-03
    1.10e-02   5.71e-03]
 [  1.39e-02   1.53e-02   6.71e-02   5.40e-02   2.48e-02   7.29e-04
    1.46e-01   1.90e-01   1.68e-02   3.21e-01   7.29e-03   5.11e-02
    8.61e-02   5.84e-03]
 [  5.52e-03   4.30e-02   4.42e-03   4.42e-03   4.30e-02   1.10e-03
    1.10e-03   9.93e-03   0.00e+00   8.83e-03   2.87e-02   2.76e-02
    8.09e-01   1.32e-02]
 [  8.73e-03   2.62e-02   0.00e+00   1.40e-01   1.53e-01   1.75e-02
    1.31e-02   4.80e-02   4.37e-03   8.73e-03   0.00e+00   1.75e-02
    6.11e-02   5.02e-01]]
File:0
[302  71  87 346 843  11 267 346 203 520  30  83  37  43]   pred: 4   true: 4
File:1
[ 13 682   8 628 157  68  43  44   6  25 166  81 268  82]   pred: 1   true: 3
File:2
[  40   63  121   86  320    1 1124   62   37  197    0    5   48    1]   pred: 6   true: 6
File:3
[  81   21  111   47  234   11  249  143   87 2039   15   24   36   15]   pred: 9   true: 9
File:4
[305  78 290 228 643  58 512 771 796 876  13 114 136  34]   pred: 9   true: 8
File:5
[ 71  25 138 511 300   7 427 227 245 435 174  22  29  15]   pred: 3   true: 10
File:6
[1087    9    8    8   53    0   32   69   11  220    8   74   13    5]   pred: 0   true: 0
File:7
[ 79 787  20 165 138  32  65 311  12  84 302 320 620 163]   pred: 1   true: 7
File:8
[ 36 305   2  20  16  59   8  41  31  61 132  55  41   6]   pred: 1   true: 5
File:9
[  84 1579   15  203  143  251   48  230   22  331  425  184  416  187]   pred: 1   true: 2
File:10
[ 13 849  18 264 113  75  14  20  15 127 595  26 103  41]   pred: 1   true: 1
File:11
[  5  39   4   4  39   1   1   9   0   8  26  25 732  12]   pred: 12   true: 12
File:12
[  2   6   0  32  35   4   3  11   1   2   0   4  13 115]   pred: 13   true: 13
File:13
[ 19  21  92  74  34   1 200 260  23 440  10  70 118   8]   pred: 9   true: 11

Document ACC
Doc ACC: 7
Doc ACC: 0.5 (norm)
precision recall fscore support
class 0: (0.39523809523809522, 0.5, 0.41666666666666669, None)
class 1: (0.39523809523809522, 0.5, 0.41666666666666669, None)
class 2: (0.39523809523809522, 0.5, 0.41666666666666669, None)
class 3: (0.39523809523809522, 0.5, 0.41666666666666669, None)
class 4: (0.39523809523809522, 0.5, 0.41666666666666669, None)
class 5: (0.39523809523809522, 0.5, 0.41666666666666669, None)
class 6: (0.39523809523809522, 0.5, 0.41666666666666669, None)
class 7: (0.39523809523809522, 0.5, 0.41666666666666669, None)
class 8: (0.39523809523809522, 0.5, 0.41666666666666669, None)
class 9: (0.39523809523809522, 0.5, 0.41666666666666669, None)
class 10: (0.39523809523809522, 0.5, 0.41666666666666669, None)
class 11: (0.39523809523809522, 0.5, 0.41666666666666669, None)
class 12: (0.39523809523809522, 0.5, 0.41666666666666669, None)
class 13: (0.39523809523809522, 0.5, 0.41666666666666669, None)
avg : (0.39523809523809522, 0.5, 0.41666666666666669, None)


./runs/300d_glove_probI_ba/1473653114/checkpoints/2750
Test for prob: I
Total number of test examples: 32574
ACC	0.280438386443
MSE	20.1720390495
Confusion matrix 
[[1100   12    7    1   72    0   52   45   16  228    8   35    3   19]
 [  11  972   18  158  125   68   13   12   28  145  496    2   61  165]
 [  86 1706   30   73  166  142   65  124   35  348  288   37  248  771]
 [   8  805   21  359  210   76   71   26   21   36  131   29  170  309]
 [ 256   49  112   94 1082   10  341  230  221  574   34   13   15  159]
 [  44  381    4    6   19   41    8   16   44   75  100   18   17   41]
 [  17   69  171   49  334    1 1110   45   63  205    2    1   21   18]
 [  82 1008   46   81  190   38  102  256   26   96  214   94  408  458]
 [ 258   73  320   49  784   25  587  486  977 1010   14   31   50  191]
 [  42   12  105   15  247    5  282  104   89 2113   17   12   13   58]
 [  32   21  170  215  460    4  442  135  340  512  192    7   17   80]
 [  13   10   99   24   57    1  237  203   35  493   12   29   67   91]
 [   9   55    3    2    4    1    5    6    0   46   20    2  681   72]
 [   0    6    0    0   17    0    1    3    4    2    0    1    2  193]]
Normalized confusion matrix
[[  6.88e-01   7.51e-03   4.38e-03   6.26e-04   4.51e-02   0.00e+00
    3.25e-02   2.82e-02   1.00e-02   1.43e-01   5.01e-03   2.19e-02
    1.88e-03   1.19e-02]
 [  4.84e-03   4.27e-01   7.92e-03   6.95e-02   5.50e-02   2.99e-02
    5.72e-03   5.28e-03   1.23e-02   6.38e-02   2.18e-01   8.80e-04
    2.68e-02   7.26e-02]
 [  2.09e-02   4.14e-01   7.28e-03   1.77e-02   4.03e-02   3.45e-02
    1.58e-02   3.01e-02   8.50e-03   8.45e-02   6.99e-02   8.98e-03
    6.02e-02   1.87e-01]
 [  3.52e-03   3.54e-01   9.24e-03   1.58e-01   9.24e-02   3.35e-02
    3.12e-02   1.14e-02   9.24e-03   1.58e-02   5.77e-02   1.28e-02
    7.48e-02   1.36e-01]
 [  8.03e-02   1.54e-02   3.51e-02   2.95e-02   3.39e-01   3.13e-03
    1.07e-01   7.21e-02   6.93e-02   1.80e-01   1.07e-02   4.08e-03
    4.70e-03   4.98e-02]
 [  5.41e-02   4.68e-01   4.91e-03   7.37e-03   2.33e-02   5.04e-02
    9.83e-03   1.97e-02   5.41e-02   9.21e-02   1.23e-01   2.21e-02
    2.09e-02   5.04e-02]
 [  8.07e-03   3.28e-02   8.12e-02   2.33e-02   1.59e-01   4.75e-04
    5.27e-01   2.14e-02   2.99e-02   9.73e-02   9.50e-04   4.75e-04
    9.97e-03   8.55e-03]
 [  2.65e-02   3.25e-01   1.48e-02   2.61e-02   6.13e-02   1.23e-02
    3.29e-02   8.26e-02   8.39e-03   3.10e-02   6.91e-02   3.03e-02
    1.32e-01   1.48e-01]
 [  5.31e-02   1.50e-02   6.59e-02   1.01e-02   1.61e-01   5.15e-03
    1.21e-01   1.00e-01   2.01e-01   2.08e-01   2.88e-03   6.39e-03
    1.03e-02   3.93e-02]
 [  1.35e-02   3.85e-03   3.37e-02   4.82e-03   7.93e-02   1.61e-03
    9.06e-02   3.34e-02   2.86e-02   6.79e-01   5.46e-03   3.85e-03
    4.17e-03   1.86e-02]
 [  1.22e-02   7.99e-03   6.47e-02   8.18e-02   1.75e-01   1.52e-03
    1.68e-01   5.14e-02   1.29e-01   1.95e-01   7.31e-02   2.66e-03
    6.47e-03   3.05e-02]
 [  9.48e-03   7.29e-03   7.22e-02   1.75e-02   4.16e-02   7.29e-04
    1.73e-01   1.48e-01   2.55e-02   3.60e-01   8.75e-03   2.12e-02
    4.89e-02   6.64e-02]
 [  9.93e-03   6.07e-02   3.31e-03   2.21e-03   4.42e-03   1.10e-03
    5.52e-03   6.62e-03   0.00e+00   5.08e-02   2.21e-02   2.21e-03
    7.52e-01   7.95e-02]
 [  0.00e+00   2.62e-02   0.00e+00   0.00e+00   7.42e-02   0.00e+00
    4.37e-03   1.31e-02   1.75e-02   8.73e-03   0.00e+00   4.37e-03
    8.73e-03   8.43e-01]]
File:0
[ 256   49  112   94 1082   10  341  230  221  574   34   13   15  158]   pred: 4   true: 4
File:1
[  8 805  21 359 210  76  71  26  21  35 131  29 170 309]   pred: 1   true: 3
File:2
[  17   69  171   49  333    1 1110   45   63  205    2    1   21   18]   pred: 6   true: 6
File:3
[  42   12  105   15  247    5  282  104   89 2112   17   12   13   58]   pred: 9   true: 9
File:4
[ 258   73  320   49  784   25  586  486  977 1010   14   31   50  191]   pred: 9   true: 8
File:5
[ 32  21 170 215 460   4 441 135 340 512 192   7  17  80]   pred: 9   true: 10
File:6
[1099   12    7    1   72    0   52   45   16  228    8   35    3   19]   pred: 0   true: 0
File:7
[  82 1007   46   81  190   38  102  256   26   96  214   94  408  458]   pred: 1   true: 7
File:8
[ 44 380   4   6  19  41   8  16  44  75 100  18  17  41]   pred: 1   true: 5
File:9
[  86 1706   30   73  166  142   65  124   35  347  288   37  248  771]   pred: 1   true: 2
File:10
[ 11 972  18 158 125  68  13  12  28 145 495   2  61 165]   pred: 1   true: 1
File:11
[  9  55   3   2   4   1   5   6   0  46  20   2 680  72]   pred: 12   true: 12
File:12
[  0   6   0   0  17   0   1   3   4   2   0   1   1 193]   pred: 13   true: 13
File:13
[ 13  10  99  24  57   1 237 202  35 493  12  29  67  91]   pred: 9   true: 11

Document ACC
Doc ACC: 7
Doc ACC: 0.5 (norm)
precision recall fscore support
class 0: (0.38928571428571429, 0.5, 0.40952380952380951, None)
class 1: (0.38928571428571429, 0.5, 0.40952380952380951, None)
class 2: (0.38928571428571429, 0.5, 0.40952380952380951, None)
class 3: (0.38928571428571429, 0.5, 0.40952380952380951, None)
class 4: (0.38928571428571429, 0.5, 0.40952380952380951, None)
class 5: (0.38928571428571429, 0.5, 0.40952380952380951, None)
class 6: (0.38928571428571429, 0.5, 0.40952380952380951, None)
class 7: (0.38928571428571429, 0.5, 0.40952380952380951, None)
class 8: (0.38928571428571429, 0.5, 0.40952380952380951, None)
class 9: (0.38928571428571429, 0.5, 0.40952380952380951, None)
class 10: (0.38928571428571429, 0.5, 0.40952380952380951, None)
class 11: (0.38928571428571429, 0.5, 0.40952380952380951, None)
class 12: (0.38928571428571429, 0.5, 0.40952380952380951, None)
class 13: (0.38928571428571429, 0.5, 0.40952380952380951, None)
avg : (0.38928571428571429, 0.5, 0.40952380952380951, None)


./runs/300d_glove_probI_ba/1473653114/checkpoints/3000
Test for prob: I
Total number of test examples: 32574
ACC	0.276079081476
MSE	18.3490206913
Confusion matrix 
[[1032   31    8    3   33    1   60   47   14  247    8   91    9   14]
 [  10 1234   19  234   56   41   27   11   17  147  288   23   85   82]
 [  41 2061   47  153   67   83   83  132   15  406  130  167  316  418]
 [   1  888   31  574   73   23  106   15   11   46   45   87  218  154]
 [ 198  129  132  180  560    6  623  223  213  647   31  101   23  124]
 [  22  446    3   17    6   20   20   13   30   78   58   50   32   19]
 [  14   76  230   57  149    1 1260   24   36  201    5   13   33    7]
 [  71 1075   50  151   92    9  126  212   15  102  106  306  525  259]
 [ 166  135  400   99  319   33 1075  382  769 1108   16  169   75  109]
 [  28   27  110   32  126    2  388   84   68 2146   18   22   23   40]
 [  28   49  193  274  162    2  782  135  200  521  177   27   26   51]
 [   8   23  102   35   19    0  394  140   20  434    7   75   86   28]
 [   5   66    1    4    1    0    8    5    0   47    6   28  718   17]
 [   0   12    0    3   10    2    7    4    4    3    0    3   12  169]]
Normalized confusion matrix
[[  6.46e-01   1.94e-02   5.01e-03   1.88e-03   2.07e-02   6.26e-04
    3.75e-02   2.94e-02   8.76e-03   1.55e-01   5.01e-03   5.69e-02
    5.63e-03   8.76e-03]
 [  4.40e-03   5.43e-01   8.36e-03   1.03e-01   2.46e-02   1.80e-02
    1.19e-02   4.84e-03   7.48e-03   6.46e-02   1.27e-01   1.01e-02
    3.74e-02   3.61e-02]
 [  9.95e-03   5.00e-01   1.14e-02   3.71e-02   1.63e-02   2.02e-02
    2.02e-02   3.20e-02   3.64e-03   9.86e-02   3.16e-02   4.05e-02
    7.67e-02   1.01e-01]
 [  4.40e-04   3.91e-01   1.36e-02   2.53e-01   3.21e-02   1.01e-02
    4.67e-02   6.60e-03   4.84e-03   2.02e-02   1.98e-02   3.83e-02
    9.60e-02   6.78e-02]
 [  6.21e-02   4.04e-02   4.14e-02   5.64e-02   1.76e-01   1.88e-03
    1.95e-01   6.99e-02   6.68e-02   2.03e-01   9.72e-03   3.17e-02
    7.21e-03   3.89e-02]
 [  2.70e-02   5.48e-01   3.69e-03   2.09e-02   7.37e-03   2.46e-02
    2.46e-02   1.60e-02   3.69e-02   9.58e-02   7.13e-02   6.14e-02
    3.93e-02   2.33e-02]
 [  6.65e-03   3.61e-02   1.09e-01   2.71e-02   7.08e-02   4.75e-04
    5.98e-01   1.14e-02   1.71e-02   9.54e-02   2.37e-03   6.17e-03
    1.57e-02   3.32e-03]
 [  2.29e-02   3.47e-01   1.61e-02   4.87e-02   2.97e-02   2.90e-03
    4.07e-02   6.84e-02   4.84e-03   3.29e-02   3.42e-02   9.87e-02
    1.69e-01   8.36e-02]
 [  3.42e-02   2.78e-02   8.24e-02   2.04e-02   6.57e-02   6.80e-03
    2.21e-01   7.87e-02   1.58e-01   2.28e-01   3.30e-03   3.48e-02
    1.54e-02   2.25e-02]
 [  8.99e-03   8.67e-03   3.53e-02   1.03e-02   4.05e-02   6.42e-04
    1.25e-01   2.70e-02   2.18e-02   6.89e-01   5.78e-03   7.06e-03
    7.39e-03   1.28e-02]
 [  1.07e-02   1.87e-02   7.35e-02   1.04e-01   6.17e-02   7.61e-04
    2.98e-01   5.14e-02   7.61e-02   1.98e-01   6.74e-02   1.03e-02
    9.90e-03   1.94e-02]
 [  5.84e-03   1.68e-02   7.44e-02   2.55e-02   1.39e-02   0.00e+00
    2.87e-01   1.02e-01   1.46e-02   3.17e-01   5.11e-03   5.47e-02
    6.27e-02   2.04e-02]
 [  5.52e-03   7.28e-02   1.10e-03   4.42e-03   1.10e-03   0.00e+00
    8.83e-03   5.52e-03   0.00e+00   5.19e-02   6.62e-03   3.09e-02
    7.92e-01   1.88e-02]
 [  0.00e+00   5.24e-02   0.00e+00   1.31e-02   4.37e-02   8.73e-03
    3.06e-02   1.75e-02   1.75e-02   1.31e-02   0.00e+00   1.31e-02
    5.24e-02   7.38e-01]]
File:0
[198 129 131 180 560   6 623 223 213 647  31 101  23 124]   pred: 9   true: 4
File:1
[  1 888  31 574  73  23 106  15  11  45  45  87 218 154]   pred: 1   true: 3
File:2
[  14   76  230   57  149    1 1260   24   36  201    5   12   33    7]   pred: 6   true: 6
File:3
[  28   27  110   32  126    2  388   84   68 2145   18   22   23   40]   pred: 9   true: 9
File:4
[ 166  135  400   99  319   33 1074  382  769 1108   16  169   75  109]   pred: 9   true: 8
File:5
[ 28  49 193 273 162   2 782 135 200 521 177  27  26  51]   pred: 6   true: 10
File:6
[1031   31    8    3   33    1   60   47   14  247    8   91    9   14]   pred: 0   true: 0
File:7
[  71 1074   50  151   92    9  126  212   15  102  106  306  525  259]   pred: 1   true: 7
File:8
[ 22 445   3  17   6  20  20  13  30  78  58  50  32  19]   pred: 1   true: 5
File:9
[  41 2061   47  153   67   83   83  132   15  405  130  167  316  418]   pred: 1   true: 2
File:10
[  10 1234   19  234   56   41   27   11   17  147  287   23   85   82]   pred: 1   true: 1
File:11
[  5  66   1   4   1   0   8   5   0  47   6  28 717  17]   pred: 12   true: 12
File:12
[  0  12   0   3  10   2   7   4   4   3   0   3  11 169]   pred: 13   true: 13
File:13
[  8  23 102  35  19   0 393 140  20 434   7  75  86  28]   pred: 9   true: 11

Document ACC
Doc ACC: 6
Doc ACC: 0.428571428571 (norm)
precision recall fscore support
class 0: (0.28214285714285714, 0.42857142857142855, 0.31428571428571433, None)
class 1: (0.28214285714285714, 0.42857142857142855, 0.31428571428571433, None)
class 2: (0.28214285714285714, 0.42857142857142855, 0.31428571428571433, None)
class 3: (0.28214285714285714, 0.42857142857142855, 0.31428571428571433, None)
class 4: (0.28214285714285714, 0.42857142857142855, 0.31428571428571433, None)
class 5: (0.28214285714285714, 0.42857142857142855, 0.31428571428571433, None)
class 6: (0.28214285714285714, 0.42857142857142855, 0.31428571428571433, None)
class 7: (0.28214285714285714, 0.42857142857142855, 0.31428571428571433, None)
class 8: (0.28214285714285714, 0.42857142857142855, 0.31428571428571433, None)
class 9: (0.28214285714285714, 0.42857142857142855, 0.31428571428571433, None)
class 10: (0.28214285714285714, 0.42857142857142855, 0.31428571428571433, None)
class 11: (0.28214285714285714, 0.42857142857142855, 0.31428571428571433, None)
class 12: (0.28214285714285714, 0.42857142857142855, 0.31428571428571433, None)
class 13: (0.28214285714285714, 0.42857142857142855, 0.31428571428571433, None)
avg : (0.28214285714285714, 0.42857142857142855, 0.31428571428571433, None)


./runs/300d_glove_probI_ba/1473653114/checkpoints/3250
Test for prob: I
Total number of test examples: 32574
ACC	0.248326886474
MSE	23.0650518819
Confusion matrix 
[[1140   37   52    4   25    5   43   47   10  169   14   34    4   14]
 [  12  908   66  186   37  198   14   10    8  119  539    9   53  115]
 [  95 1506  182  118   38  558   38   92   16  228  391   67  232  558]
 [   5  662  135  548   27  252   34   13    9   29  160   38  112  248]
 [ 313  183  744  231  409   46  254  175  161  425   59   27   13  150]
 [  38  341   13   13    6  115    6   10   25   49  122   21   19   36]
 [  28  101  608   57   87    4  969   24   25  162   10    3   15   13]
 [  93  831  208  161   53  215   55  204   18   65  280  153  394  369]
 [ 322  179 1651  126  193  135  381  310  612  664   30   41   47  164]
 [  85   47  439   35   97   27  246   85   73 1862   23   14   20   61]
 [  57   68  823  324  109   15  276   87  137  432  230   13   10   46]
 [  20   30  513   31    8    1  136  104   24  334   12   53   57   48]
 [   7   45   17    5   38    6    4    3    0    7   37   17  664   56]
 [   0    7    2    2    2    7    2    2    2    2    0    2    6  193]]
Normalized confusion matrix
[[  7.13e-01   2.32e-02   3.25e-02   2.50e-03   1.56e-02   3.13e-03
    2.69e-02   2.94e-02   6.26e-03   1.06e-01   8.76e-03   2.13e-02
    2.50e-03   8.76e-03]
 [  5.28e-03   3.99e-01   2.90e-02   8.18e-02   1.63e-02   8.71e-02
    6.16e-03   4.40e-03   3.52e-03   5.23e-02   2.37e-01   3.96e-03
    2.33e-02   5.06e-02]
 [  2.31e-02   3.66e-01   4.42e-02   2.86e-02   9.23e-03   1.35e-01
    9.23e-03   2.23e-02   3.88e-03   5.54e-02   9.49e-02   1.63e-02
    5.63e-02   1.35e-01]
 [  2.20e-03   2.91e-01   5.94e-02   2.41e-01   1.19e-02   1.11e-01
    1.50e-02   5.72e-03   3.96e-03   1.28e-02   7.04e-02   1.67e-02
    4.93e-02   1.09e-01]
 [  9.81e-02   5.74e-02   2.33e-01   7.24e-02   1.28e-01   1.44e-02
    7.96e-02   5.49e-02   5.05e-02   1.33e-01   1.85e-02   8.46e-03
    4.08e-03   4.70e-02]
 [  4.67e-02   4.19e-01   1.60e-02   1.60e-02   7.37e-03   1.41e-01
    7.37e-03   1.23e-02   3.07e-02   6.02e-02   1.50e-01   2.58e-02
    2.33e-02   4.42e-02]
 [  1.33e-02   4.80e-02   2.89e-01   2.71e-02   4.13e-02   1.90e-03
    4.60e-01   1.14e-02   1.19e-02   7.69e-02   4.75e-03   1.42e-03
    7.12e-03   6.17e-03]
 [  3.00e-02   2.68e-01   6.71e-02   5.20e-02   1.71e-02   6.94e-02
    1.77e-02   6.58e-02   5.81e-03   2.10e-02   9.04e-02   4.94e-02
    1.27e-01   1.19e-01]
 [  6.63e-02   3.69e-02   3.40e-01   2.60e-02   3.98e-02   2.78e-02
    7.85e-02   6.39e-02   1.26e-01   1.37e-01   6.18e-03   8.44e-03
    9.68e-03   3.38e-02]
 [  2.73e-02   1.51e-02   1.41e-01   1.12e-02   3.11e-02   8.67e-03
    7.90e-02   2.73e-02   2.34e-02   5.98e-01   7.39e-03   4.50e-03
    6.42e-03   1.96e-02]
 [  2.17e-02   2.59e-02   3.13e-01   1.23e-01   4.15e-02   5.71e-03
    1.05e-01   3.31e-02   5.22e-02   1.64e-01   8.76e-02   4.95e-03
    3.81e-03   1.75e-02]
 [  1.46e-02   2.19e-02   3.74e-01   2.26e-02   5.84e-03   7.29e-04
    9.92e-02   7.59e-02   1.75e-02   2.44e-01   8.75e-03   3.87e-02
    4.16e-02   3.50e-02]
 [  7.73e-03   4.97e-02   1.88e-02   5.52e-03   4.19e-02   6.62e-03
    4.42e-03   3.31e-03   0.00e+00   7.73e-03   4.08e-02   1.88e-02
    7.33e-01   6.18e-02]
 [  0.00e+00   3.06e-02   8.73e-03   8.73e-03   8.73e-03   3.06e-02
    8.73e-03   8.73e-03   8.73e-03   8.73e-03   0.00e+00   8.73e-03
    2.62e-02   8.43e-01]]
File:0
[313 183 743 231 409  46 254 175 161 425  59  27  13 150]   pred: 2   true: 4
File:1
[  5 662 135 548  27 252  34  13   9  28 160  38 112 248]   pred: 1   true: 3
File:2
[ 28 100 608  57  87   4 969  24  25 162  10   3  15  13]   pred: 6   true: 6
File:3
[  85   47  439   35   97   27  246   85   73 1861   23   14   20   61]   pred: 9   true: 9
File:4
[ 322  179 1651  126  193  135  380  310  612  664   30   41   47  164]   pred: 2   true: 8
File:5
[ 57  68 823 323 109  15 276  87 137 432 230  13  10  46]   pred: 2   true: 10
File:6
[1139   37   52    4   25    5   43   47   10  169   14   34    4   14]   pred: 0   true: 0
File:7
[ 93 830 208 161  53 215  55 204  18  65 280 153 394 369]   pred: 1   true: 7
File:8
[ 38 340  13  13   6 115   6  10  25  49 122  21  19  36]   pred: 1   true: 5
File:9
[  94 1506  182  118   38  558   38   92   16  228  391   67  232  558]   pred: 1   true: 2
File:10
[ 12 908  66 186  37 198  14  10   8 119 538   9  53 115]   pred: 1   true: 1
File:11
[  7  45  17   5  38   6   4   3   0   7  37  17 663  56]   pred: 12   true: 12
File:12
[  0   7   2   2   2   7   2   2   2   2   0   2   5 193]   pred: 13   true: 13
File:13
[ 20  30 512  31   8   1 136 104  24 334  12  53  57  48]   pred: 2   true: 11

Document ACC
Doc ACC: 6
Doc ACC: 0.428571428571 (norm)
precision recall fscore support
class 0: (0.37142857142857144, 0.42857142857142855, 0.38095238095238099, None)
class 1: (0.37142857142857144, 0.42857142857142855, 0.38095238095238099, None)
class 2: (0.37142857142857144, 0.42857142857142855, 0.38095238095238099, None)
class 3: (0.37142857142857144, 0.42857142857142855, 0.38095238095238099, None)
class 4: (0.37142857142857144, 0.42857142857142855, 0.38095238095238099, None)
class 5: (0.37142857142857144, 0.42857142857142855, 0.38095238095238099, None)
class 6: (0.37142857142857144, 0.42857142857142855, 0.38095238095238099, None)
class 7: (0.37142857142857144, 0.42857142857142855, 0.38095238095238099, None)
class 8: (0.37142857142857144, 0.42857142857142855, 0.38095238095238099, None)
class 9: (0.37142857142857144, 0.42857142857142855, 0.38095238095238099, None)
class 10: (0.37142857142857144, 0.42857142857142855, 0.38095238095238099, None)
class 11: (0.37142857142857144, 0.42857142857142855, 0.38095238095238099, None)
class 12: (0.37142857142857144, 0.42857142857142855, 0.38095238095238099, None)
class 13: (0.37142857142857144, 0.42857142857142855, 0.38095238095238099, None)
avg : (0.37142857142857144, 0.42857142857142855, 0.38095238095238099, None)


./runs/300d_glove_probI_ba/1473653114/checkpoints/3500
Test for prob: I
Total number of test examples: 32574
ACC	0.287529931847
MSE	18.8087124701
Confusion matrix 
[[1058    4   15    2   37    3   63   50   37  239   16   62    5    7]
 [   7  461   43  516   87  193   18   15   51  136  542   26   87   92]
 [  36  830   71  358  128  623   84  131   70  468  415  168  346  391]
 [   3  213   58  933  152  204   73   25   47   44  135   93  148  144]
 [ 226   10  192  204  742   10  458  227  358  578   47   69   13   56]
 [  18  140    6   37    9  131   22   17   74   87  148   63   37   25]
 [  30   36  230   64  205    2 1231   27   89  159    6    5   17    5]
 [  69  412   76  316  134  229  110  267   51   96  301  284  478  276]
 [ 175   15  418   97  430   41  866  364 1329  928   21   84   39   48]
 [  54    1  141   34  122    4  432   89  146 2011   23   15   15   27]
 [  38    7  218  338  198    5  601  114  362  474  213   22   13   24]
 [  11    1  143   39   21    0  368  108   67  442   10   78   63   20]
 [   4   28    5   13    1    9   11    4    1   53   29   33  687   28]
 [   0    2    0    5   35    1    2    3   11    3    0    3   10  154]]
Normalized confusion matrix
[[  6.62e-01   2.50e-03   9.39e-03   1.25e-03   2.32e-02   1.88e-03
    3.94e-02   3.13e-02   2.32e-02   1.50e-01   1.00e-02   3.88e-02
    3.13e-03   4.38e-03]
 [  3.08e-03   2.03e-01   1.89e-02   2.27e-01   3.83e-02   8.49e-02
    7.92e-03   6.60e-03   2.24e-02   5.98e-02   2.38e-01   1.14e-02
    3.83e-02   4.05e-02]
 [  8.74e-03   2.02e-01   1.72e-02   8.69e-02   3.11e-02   1.51e-01
    2.04e-02   3.18e-02   1.70e-02   1.14e-01   1.01e-01   4.08e-02
    8.40e-02   9.49e-02]
 [  1.32e-03   9.38e-02   2.55e-02   4.11e-01   6.69e-02   8.98e-02
    3.21e-02   1.10e-02   2.07e-02   1.94e-02   5.94e-02   4.09e-02
    6.51e-02   6.34e-02]
 [  7.08e-02   3.13e-03   6.02e-02   6.39e-02   2.33e-01   3.13e-03
    1.44e-01   7.12e-02   1.12e-01   1.81e-01   1.47e-02   2.16e-02
    4.08e-03   1.76e-02]
 [  2.21e-02   1.72e-01   7.37e-03   4.55e-02   1.11e-02   1.61e-01
    2.70e-02   2.09e-02   9.09e-02   1.07e-01   1.82e-01   7.74e-02
    4.55e-02   3.07e-02]
 [  1.42e-02   1.71e-02   1.09e-01   3.04e-02   9.73e-02   9.50e-04
    5.85e-01   1.28e-02   4.23e-02   7.55e-02   2.85e-03   2.37e-03
    8.07e-03   2.37e-03]
 [  2.23e-02   1.33e-01   2.45e-02   1.02e-01   4.32e-02   7.39e-02
    3.55e-02   8.62e-02   1.65e-02   3.10e-02   9.71e-02   9.16e-02
    1.54e-01   8.91e-02]
 [  3.60e-02   3.09e-03   8.61e-02   2.00e-02   8.86e-02   8.44e-03
    1.78e-01   7.50e-02   2.74e-01   1.91e-01   4.33e-03   1.73e-02
    8.03e-03   9.89e-03]
 [  1.73e-02   3.21e-04   4.53e-02   1.09e-02   3.92e-02   1.28e-03
    1.39e-01   2.86e-02   4.69e-02   6.46e-01   7.39e-03   4.82e-03
    4.82e-03   8.67e-03]
 [  1.45e-02   2.66e-03   8.30e-02   1.29e-01   7.54e-02   1.90e-03
    2.29e-01   4.34e-02   1.38e-01   1.80e-01   8.11e-02   8.37e-03
    4.95e-03   9.14e-03]
 [  8.02e-03   7.29e-04   1.04e-01   2.84e-02   1.53e-02   0.00e+00
    2.68e-01   7.88e-02   4.89e-02   3.22e-01   7.29e-03   5.69e-02
    4.60e-02   1.46e-02]
 [  4.42e-03   3.09e-02   5.52e-03   1.43e-02   1.10e-03   9.93e-03
    1.21e-02   4.42e-03   1.10e-03   5.85e-02   3.20e-02   3.64e-02
    7.58e-01   3.09e-02]
 [  0.00e+00   8.73e-03   0.00e+00   2.18e-02   1.53e-01   4.37e-03
    8.73e-03   1.31e-02   4.80e-02   1.31e-02   0.00e+00   1.31e-02
    4.37e-02   6.72e-01]]
File:0
[226  10 192 204 742  10 458 227 358 577  47  69  13  56]   pred: 4   true: 4
File:1
[  3 213  58 933 152 204  73  25  47  43 135  93 148 144]   pred: 3   true: 3
File:2
[  30   36  230   64  205    2 1231   27   89  159    6    5   17    4]   pred: 6   true: 6
File:3
[  54    1  141   34  122    4  432   89  146 2010   23   15   15   27]   pred: 9   true: 9
File:4
[ 175   15  418   97  430   41  866  364 1328  928   21   84   39   48]   pred: 8   true: 8
File:5
[ 38   7 218 337 198   5 601 114 362 474 213  22  13  24]   pred: 6   true: 10
File:6
[1057    4   15    2   37    3   63   50   37  239   16   62    5    7]   pred: 0   true: 0
File:7
[ 69 412  76 316 134 228 110 267  51  96 301 284 478 276]   pred: 12   true: 7
File:8
[ 18 140   6  37   9 131  22  17  74  87 147  63  37  25]   pred: 10   true: 5
File:9
[ 36 830  71 358 128 623  84 131  70 467 415 168 346 391]   pred: 1   true: 2
File:10
[  7 461  43 516  87 193  18  15  51 136 541  26  87  92]   pred: 10   true: 1
File:11
[  4  28   5  13   1   9  11   4   1  53  29  33 686  28]   pred: 12   true: 12
File:12
[  0   2   0   5  35   1   2   3  11   3   0   3   9 154]   pred: 13   true: 13
File:13
[ 11   1 143  39  21   0 367 108  67 442  10  78  63  20]   pred: 9   true: 11

Document ACC
Doc ACC: 8
Doc ACC: 0.571428571429 (norm)
precision recall fscore support
class 0: (0.4642857142857143, 0.5714285714285714, 0.5, None)
class 1: (0.4642857142857143, 0.5714285714285714, 0.5, None)
class 2: (0.4642857142857143, 0.5714285714285714, 0.5, None)
class 3: (0.4642857142857143, 0.5714285714285714, 0.5, None)
class 4: (0.4642857142857143, 0.5714285714285714, 0.5, None)
class 5: (0.4642857142857143, 0.5714285714285714, 0.5, None)
class 6: (0.4642857142857143, 0.5714285714285714, 0.5, None)
class 7: (0.4642857142857143, 0.5714285714285714, 0.5, None)
class 8: (0.4642857142857143, 0.5714285714285714, 0.5, None)
class 9: (0.4642857142857143, 0.5714285714285714, 0.5, None)
class 10: (0.4642857142857143, 0.5714285714285714, 0.5, None)
class 11: (0.4642857142857143, 0.5714285714285714, 0.5, None)
class 12: (0.4642857142857143, 0.5714285714285714, 0.5, None)
class 13: (0.4642857142857143, 0.5714285714285714, 0.5, None)
avg : (0.4642857142857143, 0.5714285714285714, 0.5, None)





