===== Filter Size: 100
===== L2 Norm: 0.3
===== Drop Out: 0.75


./runs/100d_glove_probI_ba/1473416955/checkpoints/2500
Test for prob: I
Total number of test examples: 32574
ACC	0.230981764598
MSE	23.154356235
Confusion matrix 
[[ 959    1   15    3   47    1   58   34   11  342    7  101    6   13]
 [  14  135   25  395  149  262   42   11   14  154  758   78  101  136]
 [  52  179   13  219  128  590   88  111   12  501  882  385  340  619]
 [   5   44   18  547  223  228  121   11   10   50  344  190  277  204]
 [ 247    2   97  141  731    1  655  173  165  695   43  122   31   87]
 [  44   36    1   26   10   94    7   23   31  102  222  140   48   30]
 [   4   27  251   61  267    2 1175   34   23  229    3    7   17    6]
 [  79   83   22  222  138  254  146  186   17  125  586  590  418  233]
 [ 219    1  355   99  460   19 1233  420  500 1160   41  196   66   86]
 [  24    1  142   33  104    3  452   79   21 2154   11   37   17   36]
 [  26    3  102  268  291    3  895  104  155  521  173   22   31   33]
 [   5    0  118   32   15    0  453  130   20  436   14   76   52   20]
 [   3   11    2    8    0   21    8    5    0   53   56   61  650   28]
 [   0    0    1    6   47    5   10    1    2    3    0   15    8  131]]
Normalized confusion matrix
[[  6.00e-01   6.26e-04   9.39e-03   1.88e-03   2.94e-02   6.26e-04
    3.63e-02   2.13e-02   6.88e-03   2.14e-01   4.38e-03   6.32e-02
    3.75e-03   8.14e-03]
 [  6.16e-03   5.94e-02   1.10e-02   1.74e-01   6.55e-02   1.15e-01
    1.85e-02   4.84e-03   6.16e-03   6.77e-02   3.33e-01   3.43e-02
    4.44e-02   5.98e-02]
 [  1.26e-02   4.35e-02   3.16e-03   5.32e-02   3.11e-02   1.43e-01
    2.14e-02   2.69e-02   2.91e-03   1.22e-01   2.14e-01   9.35e-02
    8.25e-02   1.50e-01]
 [  2.20e-03   1.94e-02   7.92e-03   2.41e-01   9.82e-02   1.00e-01
    5.33e-02   4.84e-03   4.40e-03   2.20e-02   1.51e-01   8.36e-02
    1.22e-01   8.98e-02]
 [  7.74e-02   6.27e-04   3.04e-02   4.42e-02   2.29e-01   3.13e-04
    2.05e-01   5.42e-02   5.17e-02   2.18e-01   1.35e-02   3.82e-02
    9.72e-03   2.73e-02]
 [  5.41e-02   4.42e-02   1.23e-03   3.19e-02   1.23e-02   1.15e-01
    8.60e-03   2.83e-02   3.81e-02   1.25e-01   2.73e-01   1.72e-01
    5.90e-02   3.69e-02]
 [  1.90e-03   1.28e-02   1.19e-01   2.90e-02   1.27e-01   9.50e-04
    5.58e-01   1.61e-02   1.09e-02   1.09e-01   1.42e-03   3.32e-03
    8.07e-03   2.85e-03]
 [  2.55e-02   2.68e-02   7.10e-03   7.16e-02   4.45e-02   8.20e-02
    4.71e-02   6.00e-02   5.49e-03   4.03e-02   1.89e-01   1.90e-01
    1.35e-01   7.52e-02]
 [  4.51e-02   2.06e-04   7.31e-02   2.04e-02   9.47e-02   3.91e-03
    2.54e-01   8.65e-02   1.03e-01   2.39e-01   8.44e-03   4.04e-02
    1.36e-02   1.77e-02]
 [  7.71e-03   3.21e-04   4.56e-02   1.06e-02   3.34e-02   9.63e-04
    1.45e-01   2.54e-02   6.74e-03   6.92e-01   3.53e-03   1.19e-02
    5.46e-03   1.16e-02]
 [  9.90e-03   1.14e-03   3.88e-02   1.02e-01   1.11e-01   1.14e-03
    3.41e-01   3.96e-02   5.90e-02   1.98e-01   6.59e-02   8.37e-03
    1.18e-02   1.26e-02]
 [  3.65e-03   0.00e+00   8.61e-02   2.33e-02   1.09e-02   0.00e+00
    3.30e-01   9.48e-02   1.46e-02   3.18e-01   1.02e-02   5.54e-02
    3.79e-02   1.46e-02]
 [  3.31e-03   1.21e-02   2.21e-03   8.83e-03   0.00e+00   2.32e-02
    8.83e-03   5.52e-03   0.00e+00   5.85e-02   6.18e-02   6.73e-02
    7.17e-01   3.09e-02]
 [  0.00e+00   0.00e+00   4.37e-03   2.62e-02   2.05e-01   2.18e-02
    4.37e-02   4.37e-03   8.73e-03   1.31e-02   0.00e+00   6.55e-02
    3.49e-02   5.72e-01]]
File:0
[247   2  97 141 731   1 654 173 165 695  43 122  31  87]   pred: 4   true: 4
File:1
[  5  44  18 547 223 228 121  11  10  49 344 190 277 204]   pred: 3   true: 3
File:2
[   4   27  251   60  267    2 1175   34   23  229    3    7   17    6]   pred: 6   true: 6
File:3
[  24    1  142   33  104    3  452   79   21 2153   11   37   17   36]   pred: 9   true: 9
File:4
[ 219    1  355   99  460   19 1232  420  500 1160   41  196   66   86]   pred: 6   true: 8
File:5
[ 26   3 102 268 291   3 894 104 155 521 173  22  31  33]   pred: 6   true: 10
File:6
[958   1  15   3  47   1  58  34  11 342   7 101   6  13]   pred: 0   true: 0
File:7
[ 79  83  22 222 138 253 146 186  17 125 586 590 418 233]   pred: 11   true: 7
File:8
[ 44  36   1  26  10  94   7  23  31 102 222 139  48  30]   pred: 10   true: 5
File:9
[ 52 179  13 219 128 590  88 111  12 500 882 385 340 619]   pred: 10   true: 2
File:10
[ 14 135  25 395 149 262  42  11  14 154 758  77 101 136]   pred: 10   true: 1
File:11
[  3  11   2   8   0  21   8   5   0  53  56  61 649  28]   pred: 12   true: 12
File:12
[  0   0   1   6  47   5  10   1   2   3   0  15   7 131]   pred: 13   true: 13
File:13
[  5   0 118  32  15   0 452 130  20 436  14  76  52  20]   pred: 6   true: 11

Document ACC
Doc ACC: 7
Doc ACC: 0.5 (norm)
precision recall fscore support
class 0: (0.44642857142857145, 0.5, 0.45714285714285718, None)
class 1: (0.44642857142857145, 0.5, 0.45714285714285718, None)
class 2: (0.44642857142857145, 0.5, 0.45714285714285718, None)
class 3: (0.44642857142857145, 0.5, 0.45714285714285718, None)
class 4: (0.44642857142857145, 0.5, 0.45714285714285718, None)
class 5: (0.44642857142857145, 0.5, 0.45714285714285718, None)
class 6: (0.44642857142857145, 0.5, 0.45714285714285718, None)
class 7: (0.44642857142857145, 0.5, 0.45714285714285718, None)
class 8: (0.44642857142857145, 0.5, 0.45714285714285718, None)
class 9: (0.44642857142857145, 0.5, 0.45714285714285718, None)
class 10: (0.44642857142857145, 0.5, 0.45714285714285718, None)
class 11: (0.44642857142857145, 0.5, 0.45714285714285718, None)
class 12: (0.44642857142857145, 0.5, 0.45714285714285718, None)
class 13: (0.44642857142857145, 0.5, 0.45714285714285718, None)
avg : (0.44642857142857145, 0.5, 0.45714285714285718, None)


./runs/100d_glove_probI_ba/1473416955/checkpoints/3000
Test for prob: I
Total number of test examples: 32574
ACC	0.273131945724
MSE	21.2315957512
Confusion matrix 
[[1152    5    7    0   22    0   62   35   18  232    4   44    7   10]
 [  45 1116   24  181   91  117   31   45   32  136  132   17  213   94]
 [ 266 1414   19  117   80  201   62  138   26  345   63  107  726  555]
 [  47  538   30  399  186  162   48   47   26   43   28   79  476  163]
 [ 528   29   93  158  631    1  308  290  357  601   19   39   37   99]
 [ 116  289    2   15    9   53    5   23   42   55   35   48   97   25]
 [  21   68  239   91  284    1 1044   35   84  201    0    1   25   12]
 [ 170  754   27  135  105   87   82  305   29   93   53  235  850  174]
 [ 674   25  282  100  344    8  639  518 1003 1021   20   61   85   75]
 [ 138   18  115   27   94    1  368   98   61 2111    7   15   26   35]
 [ 113   27   94  300  279    2  523  127  463  487  130   11   34   37]
 [  41    3  110   38   15    0  252  136  100  508    7   37   97   27]
 [  18   36    1    4    0    3    7    5    1   45    4   19  745   18]
 [   3    4    0    8   25    2    1    7    6    3    0    3   15  152]]
Normalized confusion matrix
[[  7.21e-01   3.13e-03   4.38e-03   0.00e+00   1.38e-02   0.00e+00
    3.88e-02   2.19e-02   1.13e-02   1.45e-01   2.50e-03   2.75e-02
    4.38e-03   6.26e-03]
 [  1.98e-02   4.91e-01   1.06e-02   7.96e-02   4.00e-02   5.15e-02
    1.36e-02   1.98e-02   1.41e-02   5.98e-02   5.80e-02   7.48e-03
    9.37e-02   4.13e-02]
 [  6.46e-02   3.43e-01   4.61e-03   2.84e-02   1.94e-02   4.88e-02
    1.51e-02   3.35e-02   6.31e-03   8.38e-02   1.53e-02   2.60e-02
    1.76e-01   1.35e-01]
 [  2.07e-02   2.37e-01   1.32e-02   1.76e-01   8.19e-02   7.13e-02
    2.11e-02   2.07e-02   1.14e-02   1.89e-02   1.23e-02   3.48e-02
    2.10e-01   7.17e-02]
 [  1.66e-01   9.09e-03   2.92e-02   4.95e-02   1.98e-01   3.13e-04
    9.66e-02   9.09e-02   1.12e-01   1.88e-01   5.96e-03   1.22e-02
    1.16e-02   3.10e-02]
 [  1.43e-01   3.55e-01   2.46e-03   1.84e-02   1.11e-02   6.51e-02
    6.14e-03   2.83e-02   5.16e-02   6.76e-02   4.30e-02   5.90e-02
    1.19e-01   3.07e-02]
 [  9.97e-03   3.23e-02   1.13e-01   4.32e-02   1.35e-01   4.75e-04
    4.96e-01   1.66e-02   3.99e-02   9.54e-02   0.00e+00   4.75e-04
    1.19e-02   5.70e-03]
 [  5.49e-02   2.43e-01   8.71e-03   4.36e-02   3.39e-02   2.81e-02
    2.65e-02   9.84e-02   9.36e-03   3.00e-02   1.71e-02   7.58e-02
    2.74e-01   5.61e-02]
 [  1.39e-01   5.15e-03   5.81e-02   2.06e-02   7.09e-02   1.65e-03
    1.32e-01   1.07e-01   2.07e-01   2.10e-01   4.12e-03   1.26e-02
    1.75e-02   1.54e-02]
 [  4.43e-02   5.78e-03   3.69e-02   8.67e-03   3.02e-02   3.21e-04
    1.18e-01   3.15e-02   1.96e-02   6.78e-01   2.25e-03   4.82e-03
    8.35e-03   1.12e-02]
 [  4.30e-02   1.03e-02   3.58e-02   1.14e-01   1.06e-01   7.61e-04
    1.99e-01   4.83e-02   1.76e-01   1.85e-01   4.95e-02   4.19e-03
    1.29e-02   1.41e-02]
 [  2.99e-02   2.19e-03   8.02e-02   2.77e-02   1.09e-02   0.00e+00
    1.84e-01   9.92e-02   7.29e-02   3.71e-01   5.11e-03   2.70e-02
    7.08e-02   1.97e-02]
 [  1.99e-02   3.97e-02   1.10e-03   4.42e-03   0.00e+00   3.31e-03
    7.73e-03   5.52e-03   1.10e-03   4.97e-02   4.42e-03   2.10e-02
    8.22e-01   1.99e-02]
 [  1.31e-02   1.75e-02   0.00e+00   3.49e-02   1.09e-01   8.73e-03
    4.37e-03   3.06e-02   2.62e-02   1.31e-02   0.00e+00   1.31e-02
    6.55e-02   6.64e-01]]
File:0
[528  29  93 158 631   1 308 290 357 600  19  39  37  99]   pred: 4   true: 4
File:1
[ 47 538  30 399 186 162  48  47  26  42  28  79 476 163]   pred: 1   true: 3
File:2
[  21   68  239   90  284    1 1044   35   84  201    0    1   25   12]   pred: 6   true: 6
File:3
[ 138   18  115   27   94    1  368   98   61 2110    7   15   26   35]   pred: 9   true: 9
File:4
[ 674   25  282  100  344    8  638  518 1003 1021   20   61   85   75]   pred: 9   true: 8
File:5
[113  27  94 299 279   2 523 127 463 487 130  11  34  37]   pred: 6   true: 10
File:6
[1151    5    7    0   22    0   62   35   18  232    4   44    7   10]   pred: 0   true: 0
File:7
[170 753  27 135 105  87  82 305  29  93  53 235 850 174]   pred: 12   true: 7
File:8
[116 288   2  15   9  53   5  23  42  55  35  48  97  25]   pred: 1   true: 5
File:9
[ 266 1414   19  117   80  201   62  138   26  344   63  107  726  555]   pred: 1   true: 2
File:10
[  45 1116   24  181   91  117   31   45   32  136  132   16  213   94]   pred: 1   true: 1
File:11
[ 18  36   1   4   0   3   7   5   1  45   4  19 744  18]   pred: 12   true: 12
File:12
[  3   4   0   8  25   2   1   7   6   3   0   3  14 152]   pred: 13   true: 13
File:13
[ 41   3 110  38  15   0 252 136 100 507   7  37  97  27]   pred: 9   true: 11

Document ACC
Doc ACC: 7
Doc ACC: 0.5 (norm)
precision recall fscore support
class 0: (0.32738095238095244, 0.5, 0.37380952380952381, None)
class 1: (0.32738095238095244, 0.5, 0.37380952380952381, None)
class 2: (0.32738095238095244, 0.5, 0.37380952380952381, None)
class 3: (0.32738095238095244, 0.5, 0.37380952380952381, None)
class 4: (0.32738095238095244, 0.5, 0.37380952380952381, None)
class 5: (0.32738095238095244, 0.5, 0.37380952380952381, None)
class 6: (0.32738095238095244, 0.5, 0.37380952380952381, None)
class 7: (0.32738095238095244, 0.5, 0.37380952380952381, None)
class 8: (0.32738095238095244, 0.5, 0.37380952380952381, None)
class 9: (0.32738095238095244, 0.5, 0.37380952380952381, None)
class 10: (0.32738095238095244, 0.5, 0.37380952380952381, None)
class 11: (0.32738095238095244, 0.5, 0.37380952380952381, None)
class 12: (0.32738095238095244, 0.5, 0.37380952380952381, None)
class 13: (0.32738095238095244, 0.5, 0.37380952380952381, None)
avg : (0.32738095238095244, 0.5, 0.37380952380952381, None)


./runs/100d_glove_probI_ba/1473416955/checkpoints/3500
