===== Filter Size: 100
===== L2 Norm: 0.3
===== Drop Out: 0.75


./runs/100d_rand_probI/1473238212/checkpoints/2500
Test for prob: I
Total number of test examples: 32574
ACC	0.249063670412
MSE	19.5253576472
Confusion matrix 
[[ 924   41   30    0  136    0   19   74    6  311    0   43    1   13]
 [   7 1201   51  200  157  146   17   30   21  141   51    4   51  197]
 [  63 2282   95   91  226   68   14  113   12  389   14   46  132  574]
 [   5 1018   83  288  381   13   11   27   17   37    4   38  143  207]
 [ 146   87  259   48 1260    0  232  271  123  671    2   24    8   59]
 [  50  427    8   15   29   34    1   24   35   65   33   13   14   66]
 [   2   96  268   50  429    5  889   37   77  229    0    1    3   20]
 [  41 1428  118   91  293   33   22  287   10  112   20  102  213  329]
 [ 198  145  841   28 1056    1  435  613  310 1064    3   46   14  101]
 [  24   52  293    4  304    0  200   90   24 2079    2    8    0   34]
 [  30   39  365  157  519    2  419   86  324  589   37    3   13   44]
 [   7    7  277   28   54    0  258  171   22  432    1   29   30   55]
 [   7  183   17    7   49    2    2   13    0   10    2   11  515   88]
 [   0    4    0    6   40    0    1    4    5    4    0    0    0  165]]
Normalized confusion matrix
[[  5.78e-01   2.57e-02   1.88e-02   0.00e+00   8.51e-02   0.00e+00
    1.19e-02   4.63e-02   3.75e-03   1.95e-01   0.00e+00   2.69e-02
    6.26e-04   8.14e-03]
 [  3.08e-03   5.28e-01   2.24e-02   8.80e-02   6.90e-02   6.42e-02
    7.48e-03   1.32e-02   9.23e-03   6.20e-02   2.24e-02   1.76e-03
    2.24e-02   8.66e-02]
 [  1.53e-02   5.54e-01   2.31e-02   2.21e-02   5.49e-02   1.65e-02
    3.40e-03   2.74e-02   2.91e-03   9.44e-02   3.40e-03   1.12e-02
    3.20e-02   1.39e-01]
 [  2.20e-03   4.48e-01   3.65e-02   1.27e-01   1.68e-01   5.72e-03
    4.84e-03   1.19e-02   7.48e-03   1.63e-02   1.76e-03   1.67e-02
    6.29e-02   9.11e-02]
 [  4.58e-02   2.73e-02   8.12e-02   1.50e-02   3.95e-01   0.00e+00
    7.27e-02   8.50e-02   3.86e-02   2.10e-01   6.27e-04   7.52e-03
    2.51e-03   1.85e-02]
 [  6.14e-02   5.25e-01   9.83e-03   1.84e-02   3.56e-02   4.18e-02
    1.23e-03   2.95e-02   4.30e-02   7.99e-02   4.05e-02   1.60e-02
    1.72e-02   8.11e-02]
 [  9.50e-04   4.56e-02   1.27e-01   2.37e-02   2.04e-01   2.37e-03
    4.22e-01   1.76e-02   3.66e-02   1.09e-01   0.00e+00   4.75e-04
    1.42e-03   9.50e-03]
 [  1.32e-02   4.61e-01   3.81e-02   2.94e-02   9.45e-02   1.06e-02
    7.10e-03   9.26e-02   3.23e-03   3.61e-02   6.45e-03   3.29e-02
    6.87e-02   1.06e-01]
 [  4.08e-02   2.99e-02   1.73e-01   5.77e-03   2.18e-01   2.06e-04
    8.96e-02   1.26e-01   6.39e-02   2.19e-01   6.18e-04   9.47e-03
    2.88e-03   2.08e-02]
 [  7.71e-03   1.67e-02   9.41e-02   1.28e-03   9.76e-02   0.00e+00
    6.42e-02   2.89e-02   7.71e-03   6.68e-01   6.42e-04   2.57e-03
    0.00e+00   1.09e-02]
 [  1.14e-02   1.48e-02   1.39e-01   5.98e-02   1.98e-01   7.61e-04
    1.59e-01   3.27e-02   1.23e-01   2.24e-01   1.41e-02   1.14e-03
    4.95e-03   1.67e-02]
 [  5.11e-03   5.11e-03   2.02e-01   2.04e-02   3.94e-02   0.00e+00
    1.88e-01   1.25e-01   1.60e-02   3.15e-01   7.29e-04   2.12e-02
    2.19e-02   4.01e-02]
 [  7.73e-03   2.02e-01   1.88e-02   7.73e-03   5.41e-02   2.21e-03
    2.21e-03   1.43e-02   0.00e+00   1.10e-02   2.21e-03   1.21e-02
    5.68e-01   9.71e-02]
 [  0.00e+00   1.75e-02   0.00e+00   2.62e-02   1.75e-01   0.00e+00
    4.37e-03   1.75e-02   2.18e-02   1.75e-02   0.00e+00   0.00e+00
    0.00e+00   7.21e-01]]
File:0
[ 146   87  258   48 1260    0  232  271  123  671    2   24    8   59]   pred: 4   true: 4
File:1
[   5 1018   83  288  381   13   11   27   17   36    4   38  143  207]   pred: 1   true: 3
File:2
[  2  96 268  50 428   5 889  37  77 229   0   1   3  20]   pred: 6   true: 6
File:3
[  24   52  293    4  304    0  200   90   24 2078    2    8    0   34]   pred: 9   true: 9
File:4
[ 198  145  840   28 1056    1  435  613  310 1064    3   46   14  101]   pred: 9   true: 8
File:5
[ 30  39 365 157 518   2 419  86 324 589  37   3  13  44]   pred: 9   true: 10
File:6
[923  41  30   0 136   0  19  74   6 311   0  43   1  13]   pred: 0   true: 0
File:7
[  41 1427  118   91  293   33   22  287   10  112   20  102  213  329]   pred: 1   true: 7
File:8
[ 50 426   8  15  29  34   1  24  35  65  33  13  14  66]   pred: 1   true: 5
File:9
[  63 2282   95   91  226   68   14  113   12  388   14   46  132  574]   pred: 1   true: 2
File:10
[   7 1201   51  200  157  146   17   30   21  141   51    4   51  196]   pred: 1   true: 1
File:11
[  7 183  17   7  49   2   2  13   0  10   2  10 515  88]   pred: 12   true: 12
File:12
[  0   4   0   6  40   0   1   4   5   4   0   0   0 164]   pred: 13   true: 13
File:13
[  7   7 277  28  54   0 257 171  22 432   1  29  30  55]   pred: 9   true: 11

Document ACC
Doc ACC: 7
Doc ACC: 0.5 (norm)
precision recall fscore support
class 0: (0.38928571428571429, 0.5, 0.40952380952380951, None)
class 1: (0.38928571428571429, 0.5, 0.40952380952380951, None)
class 2: (0.38928571428571429, 0.5, 0.40952380952380951, None)
class 3: (0.38928571428571429, 0.5, 0.40952380952380951, None)
class 4: (0.38928571428571429, 0.5, 0.40952380952380951, None)
class 5: (0.38928571428571429, 0.5, 0.40952380952380951, None)
class 6: (0.38928571428571429, 0.5, 0.40952380952380951, None)
class 7: (0.38928571428571429, 0.5, 0.40952380952380951, None)
class 8: (0.38928571428571429, 0.5, 0.40952380952380951, None)
class 9: (0.38928571428571429, 0.5, 0.40952380952380951, None)
class 10: (0.38928571428571429, 0.5, 0.40952380952380951, None)
class 11: (0.38928571428571429, 0.5, 0.40952380952380951, None)
class 12: (0.38928571428571429, 0.5, 0.40952380952380951, None)
class 13: (0.38928571428571429, 0.5, 0.40952380952380951, None)
avg : (0.38928571428571429, 0.5, 0.40952380952380951, None)


./runs/100d_rand_probI/1473238212/checkpoints/3000
Test for prob: I
Total number of test examples: 32574
ACC	0.240744151777
MSE	16.2151409099
Confusion matrix 
[[ 926   32   56    1   63    0  100   45    0  286    6   81    0    2]
 [   4 1363   54  257   70   96   64   22    7  126  116   43   36   16]
 [  67 2479  106  201   86   79  117   98    0  402   68  223   86  107]
 [   2 1102  116  539  118    6  149   12    1   24   16  105   66   16]
 [ 130  153  278  123  636    0  914  189   36  608   16   94    3   10]
 [  43  423   12   27   13   19   14   16   23   76   94   45    7    2]
 [   2  114  255   38  152    0 1395   15    0  120    1   12    1    1]
 [  39 1373  131  196  111   21  181  181    2  106   87  520  131   20]
 [ 167  216  662   93  387    2 1708  345   71 1001   19  163    5   16]
 [  17   48  274   20  185    0  600   57    3 1871    6   26    1    6]
 [  16   58  252  201  210    0 1299   47   20  404   94   18    2    6]
 [   2    7  160   29   12    1  584   99    2  394    6   65    7    3]
 [   6  169    9   25   41    0   28    4    0   16   25   51  528    4]
 [   2   42    4   50   14    2   15    4    2    4    1   37    4   48]]
Normalized confusion matrix
[[  5.79e-01   2.00e-02   3.50e-02   6.26e-04   3.94e-02   0.00e+00
    6.26e-02   2.82e-02   0.00e+00   1.79e-01   3.75e-03   5.07e-02
    0.00e+00   1.25e-03]
 [  1.76e-03   5.99e-01   2.37e-02   1.13e-01   3.08e-02   4.22e-02
    2.81e-02   9.67e-03   3.08e-03   5.54e-02   5.10e-02   1.89e-02
    1.58e-02   7.04e-03]
 [  1.63e-02   6.02e-01   2.57e-02   4.88e-02   2.09e-02   1.92e-02
    2.84e-02   2.38e-02   0.00e+00   9.76e-02   1.65e-02   5.41e-02
    2.09e-02   2.60e-02]
 [  8.80e-04   4.85e-01   5.11e-02   2.37e-01   5.19e-02   2.64e-03
    6.56e-02   5.28e-03   4.40e-04   1.06e-02   7.04e-03   4.62e-02
    2.90e-02   7.04e-03]
 [  4.08e-02   4.80e-02   8.71e-02   3.86e-02   1.99e-01   0.00e+00
    2.87e-01   5.92e-02   1.13e-02   1.91e-01   5.02e-03   2.95e-02
    9.40e-04   3.13e-03]
 [  5.28e-02   5.20e-01   1.47e-02   3.32e-02   1.60e-02   2.33e-02
    1.72e-02   1.97e-02   2.83e-02   9.34e-02   1.15e-01   5.53e-02
    8.60e-03   2.46e-03]
 [  9.50e-04   5.41e-02   1.21e-01   1.80e-02   7.22e-02   0.00e+00
    6.62e-01   7.12e-03   0.00e+00   5.70e-02   4.75e-04   5.70e-03
    4.75e-04   4.75e-04]
 [  1.26e-02   4.43e-01   4.23e-02   6.32e-02   3.58e-02   6.78e-03
    5.84e-02   5.84e-02   6.45e-04   3.42e-02   2.81e-02   1.68e-01
    4.23e-02   6.45e-03]
 [  3.44e-02   4.45e-02   1.36e-01   1.92e-02   7.97e-02   4.12e-04
    3.52e-01   7.11e-02   1.46e-02   2.06e-01   3.91e-03   3.36e-02
    1.03e-03   3.30e-03]
 [  5.46e-03   1.54e-02   8.80e-02   6.42e-03   5.94e-02   0.00e+00
    1.93e-01   1.83e-02   9.63e-04   6.01e-01   1.93e-03   8.35e-03
    3.21e-04   1.93e-03]
 [  6.09e-03   2.21e-02   9.59e-02   7.65e-02   7.99e-02   0.00e+00
    4.94e-01   1.79e-02   7.61e-03   1.54e-01   3.58e-02   6.85e-03
    7.61e-04   2.28e-03]
 [  1.46e-03   5.11e-03   1.17e-01   2.12e-02   8.75e-03   7.29e-04
    4.26e-01   7.22e-02   1.46e-03   2.87e-01   4.38e-03   4.74e-02
    5.11e-03   2.19e-03]
 [  6.62e-03   1.87e-01   9.93e-03   2.76e-02   4.53e-02   0.00e+00
    3.09e-02   4.42e-03   0.00e+00   1.77e-02   2.76e-02   5.63e-02
    5.83e-01   4.42e-03]
 [  8.73e-03   1.83e-01   1.75e-02   2.18e-01   6.11e-02   8.73e-03
    6.55e-02   1.75e-02   8.73e-03   1.75e-02   4.37e-03   1.62e-01
    1.75e-02   2.10e-01]]
File:0
[130 153 278 123 636   0 913 189  36 608  16  94   3  10]   pred: 6   true: 4
File:1
[   2 1102  116  539  118    6  149   12    1   23   16  105   66   16]   pred: 1   true: 3
File:2
[   2  113  255   38  152    0 1395   15    0  120    1   12    1    1]   pred: 6   true: 6
File:3
[  17   48  274   20  185    0  599   57    3 1871    6   26    1    6]   pred: 9   true: 9
File:4
[ 167  216  662   93  387    2 1707  345   71 1001   19  163    5   16]   pred: 6   true: 8
File:5
[  16   58  252  201  210    0 1298   47   20  404   94   18    2    6]   pred: 6   true: 10
File:6
[925  32  56   1  63   0 100  45   0 286   6  81   0   2]   pred: 0   true: 0
File:7
[  39 1372  131  196  111   21  181  181    2  106   87  520  131   20]   pred: 1   true: 7
File:8
[ 43 422  12  27  13  19  14  16  23  76  94  45   7   2]   pred: 1   true: 5
File:9
[  67 2479  106  201   86   79  117   98    0  401   68  223   86  107]   pred: 1   true: 2
File:10
[   4 1363   54  257   70   96   64   22    7  126  116   42   36   16]   pred: 1   true: 1
File:11
[  6 169   9  25  41   0  28   4   0  16  25  50 528   4]   pred: 12   true: 12
File:12
[ 2 42  4 50 14  2 15  4  2  4  1 37  3 48]   pred: 3   true: 13
File:13
[  2   7 160  29  12   1 583  99   2 394   6  65   7   3]   pred: 6   true: 11

Document ACC
Doc ACC: 5
Doc ACC: 0.357142857143 (norm)
precision recall fscore support
class 0: (0.24285714285714285, 0.35714285714285715, 0.26190476190476192, None)
class 1: (0.24285714285714285, 0.35714285714285715, 0.26190476190476192, None)
class 2: (0.24285714285714285, 0.35714285714285715, 0.26190476190476192, None)
class 3: (0.24285714285714285, 0.35714285714285715, 0.26190476190476192, None)
class 4: (0.24285714285714285, 0.35714285714285715, 0.26190476190476192, None)
class 5: (0.24285714285714285, 0.35714285714285715, 0.26190476190476192, None)
class 6: (0.24285714285714285, 0.35714285714285715, 0.26190476190476192, None)
class 7: (0.24285714285714285, 0.35714285714285715, 0.26190476190476192, None)
class 8: (0.24285714285714285, 0.35714285714285715, 0.26190476190476192, None)
class 9: (0.24285714285714285, 0.35714285714285715, 0.26190476190476192, None)
class 10: (0.24285714285714285, 0.35714285714285715, 0.26190476190476192, None)
class 11: (0.24285714285714285, 0.35714285714285715, 0.26190476190476192, None)
class 12: (0.24285714285714285, 0.35714285714285715, 0.26190476190476192, None)
class 13: (0.24285714285714285, 0.35714285714285715, 0.26190476190476192, None)
avg : (0.24285714285714285, 0.35714285714285715, 0.26190476190476192, None)


./runs/100d_rand_probI/1473238212/checkpoints/3500
Test for prob: I
Total number of test examples: 32574
ACC	0.254313255971
MSE	18.6225517284
Confusion matrix 
[[1020   26   58    6   94    0   28  114    1  218    0   23    5    5]
 [  13  895   50  727   95   65   14   30    8  116  142    2   39   78]
 [ 136 1793   89  696  161   27   30  203    2  314  104   50  158  356]
 [   8  549   55 1173  219    2   19   26    2   33   13   34   61   78]
 [ 209  100  368  200 1102    0  103  439   32  548   10   17   21   41]
 [  69  326    6  152   16    4    3   33   18   52   64   12   33   26]
 [   7   96  423  147  298    1  892   74   13  137    0    2    8    8]
 [  69  983   99  643  179    7   26  338    0   86  154  145  221  149]
 [ 347  114 1025  185  851    1  206 1017   85  886    8   36   47   47]
 [  49   48  539   51  235    0  124  162    1 1852    3    8   17   25]
 [  43   25  520  466  381    0  244  241   59  487  115    4   17   25]
 [  13    8  342   94   46    0  108  240    3  396    5   17   71   28]
 [   6   94    6   69   44    1    2   18    0    9   21    3  597   36]
 [   3    9    0   47   35    0    2   10    2    4    0    3    9  105]]
Normalized confusion matrix
[[  6.38e-01   1.63e-02   3.63e-02   3.75e-03   5.88e-02   0.00e+00
    1.75e-02   7.13e-02   6.26e-04   1.36e-01   0.00e+00   1.44e-02
    3.13e-03   3.13e-03]
 [  5.72e-03   3.94e-01   2.20e-02   3.20e-01   4.18e-02   2.86e-02
    6.16e-03   1.32e-02   3.52e-03   5.10e-02   6.24e-02   8.80e-04
    1.72e-02   3.43e-02]
 [  3.30e-02   4.35e-01   2.16e-02   1.69e-01   3.91e-02   6.55e-03
    7.28e-03   4.93e-02   4.86e-04   7.62e-02   2.52e-02   1.21e-02
    3.84e-02   8.64e-02]
 [  3.52e-03   2.42e-01   2.42e-02   5.16e-01   9.64e-02   8.80e-04
    8.36e-03   1.14e-02   8.80e-04   1.45e-02   5.72e-03   1.50e-02
    2.68e-02   3.43e-02]
 [  6.55e-02   3.13e-02   1.15e-01   6.27e-02   3.45e-01   0.00e+00
    3.23e-02   1.38e-01   1.00e-02   1.72e-01   3.13e-03   5.33e-03
    6.58e-03   1.29e-02]
 [  8.48e-02   4.00e-01   7.37e-03   1.87e-01   1.97e-02   4.91e-03
    3.69e-03   4.05e-02   2.21e-02   6.39e-02   7.86e-02   1.47e-02
    4.05e-02   3.19e-02]
 [  3.32e-03   4.56e-02   2.01e-01   6.98e-02   1.42e-01   4.75e-04
    4.24e-01   3.51e-02   6.17e-03   6.51e-02   0.00e+00   9.50e-04
    3.80e-03   3.80e-03]
 [  2.23e-02   3.17e-01   3.19e-02   2.07e-01   5.78e-02   2.26e-03
    8.39e-03   1.09e-01   0.00e+00   2.78e-02   4.97e-02   4.68e-02
    7.13e-02   4.81e-02]
 [  7.15e-02   2.35e-02   2.11e-01   3.81e-02   1.75e-01   2.06e-04
    4.24e-02   2.09e-01   1.75e-02   1.82e-01   1.65e-03   7.42e-03
    9.68e-03   9.68e-03]
 [  1.57e-02   1.54e-02   1.73e-01   1.64e-02   7.55e-02   0.00e+00
    3.98e-02   5.20e-02   3.21e-04   5.95e-01   9.63e-04   2.57e-03
    5.46e-03   8.03e-03]
 [  1.64e-02   9.52e-03   1.98e-01   1.77e-01   1.45e-01   0.00e+00
    9.29e-02   9.17e-02   2.25e-02   1.85e-01   4.38e-02   1.52e-03
    6.47e-03   9.52e-03]
 [  9.48e-03   5.84e-03   2.49e-01   6.86e-02   3.36e-02   0.00e+00
    7.88e-02   1.75e-01   2.19e-03   2.89e-01   3.65e-03   1.24e-02
    5.18e-02   2.04e-02]
 [  6.62e-03   1.04e-01   6.62e-03   7.62e-02   4.86e-02   1.10e-03
    2.21e-03   1.99e-02   0.00e+00   9.93e-03   2.32e-02   3.31e-03
    6.59e-01   3.97e-02]
 [  1.31e-02   3.93e-02   0.00e+00   2.05e-01   1.53e-01   0.00e+00
    8.73e-03   4.37e-02   8.73e-03   1.75e-02   0.00e+00   1.31e-02
    3.93e-02   4.59e-01]]
File:0
[ 209  100  367  200 1102    0  103  439   32  548   10   17   21   41]   pred: 4   true: 4
File:1
[   8  549   55 1173  219    2   19   26    2   32   13   34   61   78]   pred: 3   true: 3
File:2
[  7  96 423 147 297   1 892  74  13 137   0   2   8   8]   pred: 6   true: 6
File:3
[  49   48  538   51  235    0  124  162    1 1852    3    8   17   25]   pred: 9   true: 9
File:4
[ 347  114 1024  185  851    1  206 1017   85  886    8   36   47   47]   pred: 2   true: 8
File:5
[ 43  25 520 466 380   0 244 241  59 487 115   4  17  25]   pred: 2   true: 10
File:6
[1019   26   58    6   94    0   28  114    1  218    0   23    5    5]   pred: 0   true: 0
File:7
[ 69 983  99 642 179   7  26 338   0  86 154 145 221 149]   pred: 1   true: 7
File:8
[ 69 325   6 152  16   4   3  33  18  52  64  12  33  26]   pred: 1   true: 5
File:9
[ 136 1793   89  696  161   27   30  203    2  313  104   50  158  356]   pred: 1   true: 2
File:10
[ 13 895  50 727  95  65  14  30   8 116 142   2  39  77]   pred: 1   true: 1
File:11
[  6  94   6  69  44   1   2  18   0   9  21   3 596  36]   pred: 12   true: 12
File:12
[  3   9   0  47  35   0   2  10   2   4   0   3   8 105]   pred: 13   true: 13
File:13
[ 13   8 342  94  46   0 108 240   3 395   5  17  71  28]   pred: 9   true: 11

Document ACC
Doc ACC: 8
Doc ACC: 0.571428571429 (norm)
precision recall fscore support
class 0: (0.48214285714285715, 0.5714285714285714, 0.50476190476190486, None)
class 1: (0.48214285714285715, 0.5714285714285714, 0.50476190476190486, None)
class 2: (0.48214285714285715, 0.5714285714285714, 0.50476190476190486, None)
class 3: (0.48214285714285715, 0.5714285714285714, 0.50476190476190486, None)
class 4: (0.48214285714285715, 0.5714285714285714, 0.50476190476190486, None)
class 5: (0.48214285714285715, 0.5714285714285714, 0.50476190476190486, None)
class 6: (0.48214285714285715, 0.5714285714285714, 0.50476190476190486, None)
class 7: (0.48214285714285715, 0.5714285714285714, 0.50476190476190486, None)
class 8: (0.48214285714285715, 0.5714285714285714, 0.50476190476190486, None)
class 9: (0.48214285714285715, 0.5714285714285714, 0.50476190476190486, None)
class 10: (0.48214285714285715, 0.5714285714285714, 0.50476190476190486, None)
class 11: (0.48214285714285715, 0.5714285714285714, 0.50476190476190486, None)
class 12: (0.48214285714285715, 0.5714285714285714, 0.50476190476190486, None)
class 13: (0.48214285714285715, 0.5714285714285714, 0.50476190476190486, None)
avg : (0.48214285714285715, 0.5714285714285714, 0.50476190476190486, None)


./runs/100d_rand_probI/1473238212/checkpoints/4000
Test for prob: I
Total number of test examples: 32574
ACC	0.24369128753
MSE	20.9116473261
Confusion matrix 
[[ 968   17   65    0  171    0    9   94    1  196   27   45    1    4]
 [   2  965   80  312  138   43    6   24    9   99  453   17   62   64]
 [  57 1816  152  233  251   19   10  200    4  244  451  141  142  399]
 [   3  809   87  620  333    0   13   26    1   15  123   73  104   65]
 [ 160   37  476  115 1494    0   57  327   49  344   60   40    9   22]
 [  39  272   12   25   34    3    2   42   14   30  285   19   17   20]
 [   5   71  542  115  355    0  781   66   24  127   10    6    2    2]
 [  42 1046  131  173  301    4   16  289    0   41  501  271  191   93]
 [ 201   72 1279   98 1321    0   84  878  133  547   89   91    9   53]
 [  28   39  648   38  422    0   47  188    5 1612   32   13   12   30]
 [  21   21  718  265  592    0  112  213   83  361  202   10    8   21]
 [   9    4  449   58   74    0   55  262    2  328   23   30   40   37]
 [   3   86   10   12   49    2    1   20    0    2   92   20  584   25]
 [   0    3    1   33   56    0    2    6    2    2    4   10    5  105]]
Normalized confusion matrix
[[  6.06e-01   1.06e-02   4.07e-02   0.00e+00   1.07e-01   0.00e+00
    5.63e-03   5.88e-02   6.26e-04   1.23e-01   1.69e-02   2.82e-02
    6.26e-04   2.50e-03]
 [  8.80e-04   4.24e-01   3.52e-02   1.37e-01   6.07e-02   1.89e-02
    2.64e-03   1.06e-02   3.96e-03   4.35e-02   1.99e-01   7.48e-03
    2.73e-02   2.81e-02]
 [  1.38e-02   4.41e-01   3.69e-02   5.66e-02   6.09e-02   4.61e-03
    2.43e-03   4.86e-02   9.71e-04   5.92e-02   1.09e-01   3.42e-02
    3.45e-02   9.69e-02]
 [  1.32e-03   3.56e-01   3.83e-02   2.73e-01   1.47e-01   0.00e+00
    5.72e-03   1.14e-02   4.40e-04   6.60e-03   5.41e-02   3.21e-02
    4.58e-02   2.86e-02]
 [  5.02e-02   1.16e-02   1.49e-01   3.61e-02   4.68e-01   0.00e+00
    1.79e-02   1.03e-01   1.54e-02   1.08e-01   1.88e-02   1.25e-02
    2.82e-03   6.90e-03]
 [  4.79e-02   3.34e-01   1.47e-02   3.07e-02   4.18e-02   3.69e-03
    2.46e-03   5.16e-02   1.72e-02   3.69e-02   3.50e-01   2.33e-02
    2.09e-02   2.46e-02]
 [  2.37e-03   3.37e-02   2.57e-01   5.46e-02   1.69e-01   0.00e+00
    3.71e-01   3.13e-02   1.14e-02   6.03e-02   4.75e-03   2.85e-03
    9.50e-04   9.50e-04]
 [  1.36e-02   3.38e-01   4.23e-02   5.58e-02   9.71e-02   1.29e-03
    5.16e-03   9.33e-02   0.00e+00   1.32e-02   1.62e-01   8.74e-02
    6.16e-02   3.00e-02]
 [  4.14e-02   1.48e-02   2.63e-01   2.02e-02   2.72e-01   0.00e+00
    1.73e-02   1.81e-01   2.74e-02   1.13e-01   1.83e-02   1.87e-02
    1.85e-03   1.09e-02]
 [  8.99e-03   1.25e-02   2.08e-01   1.22e-02   1.36e-01   0.00e+00
    1.51e-02   6.04e-02   1.61e-03   5.18e-01   1.03e-02   4.17e-03
    3.85e-03   9.63e-03]
 [  7.99e-03   7.99e-03   2.73e-01   1.01e-01   2.25e-01   0.00e+00
    4.26e-02   8.11e-02   3.16e-02   1.37e-01   7.69e-02   3.81e-03
    3.05e-03   7.99e-03]
 [  6.56e-03   2.92e-03   3.27e-01   4.23e-02   5.40e-02   0.00e+00
    4.01e-02   1.91e-01   1.46e-03   2.39e-01   1.68e-02   2.19e-02
    2.92e-02   2.70e-02]
 [  3.31e-03   9.49e-02   1.10e-02   1.32e-02   5.41e-02   2.21e-03
    1.10e-03   2.21e-02   0.00e+00   2.21e-03   1.02e-01   2.21e-02
    6.45e-01   2.76e-02]
 [  0.00e+00   1.31e-02   4.37e-03   1.44e-01   2.45e-01   0.00e+00
    8.73e-03   2.62e-02   8.73e-03   8.73e-03   1.75e-02   4.37e-02
    2.18e-02   4.59e-01]]
File:0
[ 160   37  475  115 1494    0   57  327   49  344   60   40    9   22]   pred: 4   true: 4
File:1
[  3 809  87 620 333   0  13  26   1  14 123  73 104  65]   pred: 1   true: 3
File:2
[  5  71 542 115 354   0 781  66  24 127  10   6   2   2]   pred: 6   true: 6
File:3
[  28   39  648   38  422    0   47  188    5 1611   32   13   12   30]   pred: 9   true: 9
File:4
[ 201   72 1278   98 1321    0   84  878  133  547   89   91    9   53]   pred: 4   true: 8
File:5
[ 21  21 718 265 591   0 112 213  83 361 202  10   8  21]   pred: 2   true: 10
File:6
[967  17  65   0 171   0   9  94   1 196  27  45   1   4]   pred: 0   true: 0
File:7
[  42 1046  131  173  301    4   16  289    0   41  500  271  191   93]   pred: 1   true: 7
File:8
[ 39 272  12  25  34   3   2  42  14  30 284  19  17  20]   pred: 10   true: 5
File:9
[  57 1816  152  233  251   19   10  200    4  243  451  141  142  399]   pred: 1   true: 2
File:10
[  2 965  80 312 138  43   6  24   9  99 453  16  62  64]   pred: 1   true: 1
File:11
[  3  86  10  12  49   2   1  20   0   2  92  20 583  25]   pred: 12   true: 12
File:12
[  0   3   1  33  56   0   2   6   2   2   4  10   4 105]   pred: 13   true: 13
File:13
[  9   4 449  58  74   0  55 262   2 327  23  30  40  37]   pred: 2   true: 11

Document ACC
Doc ACC: 7
Doc ACC: 0.5 (norm)
precision recall fscore support
class 0: (0.4107142857142857, 0.5, 0.43333333333333329, None)
class 1: (0.4107142857142857, 0.5, 0.43333333333333329, None)
class 2: (0.4107142857142857, 0.5, 0.43333333333333329, None)
class 3: (0.4107142857142857, 0.5, 0.43333333333333329, None)
class 4: (0.4107142857142857, 0.5, 0.43333333333333329, None)
class 5: (0.4107142857142857, 0.5, 0.43333333333333329, None)
class 6: (0.4107142857142857, 0.5, 0.43333333333333329, None)
class 7: (0.4107142857142857, 0.5, 0.43333333333333329, None)
class 8: (0.4107142857142857, 0.5, 0.43333333333333329, None)
class 9: (0.4107142857142857, 0.5, 0.43333333333333329, None)
class 10: (0.4107142857142857, 0.5, 0.43333333333333329, None)
class 11: (0.4107142857142857, 0.5, 0.43333333333333329, None)
class 12: (0.4107142857142857, 0.5, 0.43333333333333329, None)
class 13: (0.4107142857142857, 0.5, 0.43333333333333329, None)
avg : (0.4107142857142857, 0.5, 0.43333333333333329, None)


./runs/100d_rand_probI/1473238212/checkpoints/4500
Test for prob: I
Total number of test examples: 32574
ACC	0.25142751888
MSE	19.7724258611
Confusion matrix 
[[1005   26   44    1  110    0   37  122    0  202    0   36    5   10]
 [   7 1136   51  257   95   58   28   40    9  118  213    8   75  179]
 [  66 1981  128  124  146   14   69  235    3  271  125   93  220  644]
 [   3  876   65  512  212    4   88   40    1   19   47   46  126  233]
 [ 175   73  295   77 1131    0  358  496   25  425   20   24    7   84]
 [  46  342   13   38   19    4   11   37   17   47  121   17   45   57]
 [   3   57  282   53  305    0 1170   87    4  123    1    2    5   14]
 [  52 1223  104  128  170    8   90  356    1   61  177  164  274  291]
 [ 226  107  731   63  948    0  687 1122   53  666   23   61   23  145]
 [  35   36  380   25  336    0  262  234    1 1731    6   10   15   43]
 [  18   30  348  105  508    0  702  282   24  389  153    7    7   54]
 [   7    7  188   21   49    0  376  246    3  342    8   25   37   62]
 [   1   92    3    8   42    1   13   14    0    5   30   15  610   72]
 [   0    8    0   12   13    0    5    4    2    2    0    3    4  176]]
Normalized confusion matrix
[[  6.29e-01   1.63e-02   2.75e-02   6.26e-04   6.88e-02   0.00e+00
    2.32e-02   7.63e-02   0.00e+00   1.26e-01   0.00e+00   2.25e-02
    3.13e-03   6.26e-03]
 [  3.08e-03   5.00e-01   2.24e-02   1.13e-01   4.18e-02   2.55e-02
    1.23e-02   1.76e-02   3.96e-03   5.19e-02   9.37e-02   3.52e-03
    3.30e-02   7.87e-02]
 [  1.60e-02   4.81e-01   3.11e-02   3.01e-02   3.54e-02   3.40e-03
    1.68e-02   5.71e-02   7.28e-04   6.58e-02   3.03e-02   2.26e-02
    5.34e-02   1.56e-01]
 [  1.32e-03   3.86e-01   2.86e-02   2.25e-01   9.33e-02   1.76e-03
    3.87e-02   1.76e-02   4.40e-04   8.36e-03   2.07e-02   2.02e-02
    5.55e-02   1.03e-01]
 [  5.49e-02   2.29e-02   9.25e-02   2.41e-02   3.55e-01   0.00e+00
    1.12e-01   1.55e-01   7.84e-03   1.33e-01   6.27e-03   7.52e-03
    2.19e-03   2.63e-02]
 [  5.65e-02   4.20e-01   1.60e-02   4.67e-02   2.33e-02   4.91e-03
    1.35e-02   4.55e-02   2.09e-02   5.77e-02   1.49e-01   2.09e-02
    5.53e-02   7.00e-02]
 [  1.42e-03   2.71e-02   1.34e-01   2.52e-02   1.45e-01   0.00e+00
    5.56e-01   4.13e-02   1.90e-03   5.84e-02   4.75e-04   9.50e-04
    2.37e-03   6.65e-03]
 [  1.68e-02   3.95e-01   3.36e-02   4.13e-02   5.49e-02   2.58e-03
    2.90e-02   1.15e-01   3.23e-04   1.97e-02   5.71e-02   5.29e-02
    8.84e-02   9.39e-02]
 [  4.65e-02   2.20e-02   1.51e-01   1.30e-02   1.95e-01   0.00e+00
    1.42e-01   2.31e-01   1.09e-02   1.37e-01   4.74e-03   1.26e-02
    4.74e-03   2.99e-02]
 [  1.12e-02   1.16e-02   1.22e-01   8.03e-03   1.08e-01   0.00e+00
    8.41e-02   7.51e-02   3.21e-04   5.56e-01   1.93e-03   3.21e-03
    4.82e-03   1.38e-02]
 [  6.85e-03   1.14e-02   1.32e-01   4.00e-02   1.93e-01   0.00e+00
    2.67e-01   1.07e-01   9.14e-03   1.48e-01   5.82e-02   2.66e-03
    2.66e-03   2.06e-02]
 [  5.11e-03   5.11e-03   1.37e-01   1.53e-02   3.57e-02   0.00e+00
    2.74e-01   1.79e-01   2.19e-03   2.49e-01   5.84e-03   1.82e-02
    2.70e-02   4.52e-02]
 [  1.10e-03   1.02e-01   3.31e-03   8.83e-03   4.64e-02   1.10e-03
    1.43e-02   1.55e-02   0.00e+00   5.52e-03   3.31e-02   1.66e-02
    6.73e-01   7.95e-02]
 [  0.00e+00   3.49e-02   0.00e+00   5.24e-02   5.68e-02   0.00e+00
    2.18e-02   1.75e-02   8.73e-03   8.73e-03   0.00e+00   1.31e-02
    1.75e-02   7.69e-01]]
File:0
[ 175   73  295   77 1131    0  357  496   25  425   20   24    7   84]   pred: 4   true: 4
File:1
[  3 876  65 512 212   4  88  40   1  18  47  46 126 233]   pred: 1   true: 3
File:2
[   3   57  282   53  304    0 1170   87    4  123    1    2    5   14]   pred: 6   true: 6
File:3
[  35   36  380   25  336    0  262  234    1 1730    6   10   15   43]   pred: 9   true: 9
File:4
[ 226  107  731   63  948    0  686 1122   53  666   23   61   23  145]   pred: 7   true: 8
File:5
[ 18  30 348 105 507   0 702 282  24 389 153   7   7  54]   pred: 6   true: 10
File:6
[1004   26   44    1  110    0   37  122    0  202    0   36    5   10]   pred: 0   true: 0
File:7
[  52 1222  104  128  170    8   90  356    1   61  177  164  274  291]   pred: 1   true: 7
File:8
[ 46 341  13  38  19   4  11  37  17  47 121  17  45  57]   pred: 1   true: 5
File:9
[  66 1981  128  124  146   14   69  235    3  270  125   93  220  644]   pred: 1   true: 2
File:10
[   7 1136   51  257   95   58   28   40    9  118  213    8   75  178]   pred: 1   true: 1
File:11
[  1  92   3   8  42   1  13  14   0   5  30  15 609  72]   pred: 12   true: 12
File:12
[  0   8   0  12  13   0   5   4   2   2   0   3   4 175]   pred: 13   true: 13
File:13
[  7   7 188  21  49   0 376 246   3 341   8  25  37  62]   pred: 6   true: 11

Document ACC
Doc ACC: 7
Doc ACC: 0.5 (norm)
precision recall fscore support
class 0: (0.39523809523809522, 0.5, 0.41666666666666669, None)
class 1: (0.39523809523809522, 0.5, 0.41666666666666669, None)
class 2: (0.39523809523809522, 0.5, 0.41666666666666669, None)
class 3: (0.39523809523809522, 0.5, 0.41666666666666669, None)
class 4: (0.39523809523809522, 0.5, 0.41666666666666669, None)
class 5: (0.39523809523809522, 0.5, 0.41666666666666669, None)
class 6: (0.39523809523809522, 0.5, 0.41666666666666669, None)
class 7: (0.39523809523809522, 0.5, 0.41666666666666669, None)
class 8: (0.39523809523809522, 0.5, 0.41666666666666669, None)
class 9: (0.39523809523809522, 0.5, 0.41666666666666669, None)
class 10: (0.39523809523809522, 0.5, 0.41666666666666669, None)
class 11: (0.39523809523809522, 0.5, 0.41666666666666669, None)
class 12: (0.39523809523809522, 0.5, 0.41666666666666669, None)
class 13: (0.39523809523809522, 0.5, 0.41666666666666669, None)
avg : (0.39523809523809522, 0.5, 0.41666666666666669, None)


