===== Filter Size: 100
===== L2 Norm: 0.3
===== Drop Out: 0.75


./runs/100d_rand_probI/1473236386/checkpoints/2500
Test for prob: I
Total number of test examples: 32574
ACC	0.217934549027
MSE	22.6414011175
Confusion matrix 
[[ 519   22   77    0  125    0   35   54   74  617    0   26    0   49]
 [  11  681   53  219  166  477    4   10   19   95   28    3   25  483]
 [ 338 1420  129   96  215  669   12   40   37  309   21   12   57  764]
 [  17  713   62  303  257  238   15   15   76   38    7   21   47  463]
 [  59   47  298   25 1440    0  152   81  286  726    0   24    0   52]
 [  83  271   21   15   17   95    0   12    5   51   21    0   21  202]
 [  34  107  377   12  583    0  341   18  224  373    0    6    0   31]
 [  54  979  108  123  272  320   41  121   77  168   20   25  115  676]
 [ 214   64  887    4  834    0  250  255 1111 1111    0   31    1   93]
 [  42   34  378    3  363    0  176   52  118 1904    0   10    0   34]
 [  58   19  414   29  603    0  235   38  398  764    0    6    4   59]
 [  39   10  173    4  154    1  180   47  238  405    0   67    1   52]
 [  53  152    7    4   16   25    0   10    4   54    2   24  233  322]
 [   5    2    1    0   20    3    0    1    6    2    0   29    5  155]]
Normalized confusion matrix
[[  3.25e-01   1.38e-02   4.82e-02   0.00e+00   7.82e-02   0.00e+00
    2.19e-02   3.38e-02   4.63e-02   3.86e-01   0.00e+00   1.63e-02
    0.00e+00   3.07e-02]
 [  4.84e-03   2.99e-01   2.33e-02   9.63e-02   7.30e-02   2.10e-01
    1.76e-03   4.40e-03   8.36e-03   4.18e-02   1.23e-02   1.32e-03
    1.10e-02   2.12e-01]
 [  8.21e-02   3.45e-01   3.13e-02   2.33e-02   5.22e-02   1.62e-01
    2.91e-03   9.71e-03   8.98e-03   7.50e-02   5.10e-03   2.91e-03
    1.38e-02   1.85e-01]
 [  7.48e-03   3.14e-01   2.73e-02   1.33e-01   1.13e-01   1.05e-01
    6.60e-03   6.60e-03   3.35e-02   1.67e-02   3.08e-03   9.24e-03
    2.07e-02   2.04e-01]
 [  1.85e-02   1.47e-02   9.34e-02   7.84e-03   4.51e-01   0.00e+00
    4.76e-02   2.54e-02   8.97e-02   2.28e-01   0.00e+00   7.52e-03
    0.00e+00   1.63e-02]
 [  1.02e-01   3.33e-01   2.58e-02   1.84e-02   2.09e-02   1.17e-01
    0.00e+00   1.47e-02   6.14e-03   6.27e-02   2.58e-02   0.00e+00
    2.58e-02   2.48e-01]
 [  1.61e-02   5.08e-02   1.79e-01   5.70e-03   2.77e-01   0.00e+00
    1.62e-01   8.55e-03   1.06e-01   1.77e-01   0.00e+00   2.85e-03
    0.00e+00   1.47e-02]
 [  1.74e-02   3.16e-01   3.48e-02   3.97e-02   8.78e-02   1.03e-01
    1.32e-02   3.90e-02   2.48e-02   5.42e-02   6.45e-03   8.07e-03
    3.71e-02   2.18e-01]
 [  4.41e-02   1.32e-02   1.83e-01   8.24e-04   1.72e-01   0.00e+00
    5.15e-02   5.25e-02   2.29e-01   2.29e-01   0.00e+00   6.39e-03
    2.06e-04   1.92e-02]
 [  1.35e-02   1.09e-02   1.21e-01   9.63e-04   1.17e-01   0.00e+00
    5.65e-02   1.67e-02   3.79e-02   6.11e-01   0.00e+00   3.21e-03
    0.00e+00   1.09e-02]
 [  2.21e-02   7.23e-03   1.58e-01   1.10e-02   2.30e-01   0.00e+00
    8.95e-02   1.45e-02   1.52e-01   2.91e-01   0.00e+00   2.28e-03
    1.52e-03   2.25e-02]
 [  2.84e-02   7.29e-03   1.26e-01   2.92e-03   1.12e-01   7.29e-04
    1.31e-01   3.43e-02   1.74e-01   2.95e-01   0.00e+00   4.89e-02
    7.29e-04   3.79e-02]
 [  5.85e-02   1.68e-01   7.73e-03   4.42e-03   1.77e-02   2.76e-02
    0.00e+00   1.10e-02   4.42e-03   5.96e-02   2.21e-03   2.65e-02
    2.57e-01   3.55e-01]
 [  2.18e-02   8.73e-03   4.37e-03   0.00e+00   8.73e-02   1.31e-02
    0.00e+00   4.37e-03   2.62e-02   8.73e-03   0.00e+00   1.27e-01
    2.18e-02   6.77e-01]]
File:0
[  59   47  298   25 1439    0  152   81  286  726    0   24    0   52]   pred: 4   true: 4
File:1
[ 17 713  62 303 256 238  15  15  76  38   7  21  47 463]   pred: 1   true: 3
File:2
[ 34 107 377  12 582   0 341  18 224 373   0   6   0  31]   pred: 4   true: 6
File:3
[  42   34  378    3  363    0  176   52  118 1903    0   10    0   34]   pred: 9   true: 9
File:4
[ 214   64  887    4  834    0  249  255 1111 1111    0   31    1   93]   pred: 8   true: 8
File:5
[ 58  18 414  29 603   0 235  38 398 764   0   6   4  59]   pred: 9   true: 10
File:6
[518  22  77   0 125   0  35  54  74 617   0  26   0  49]   pred: 9   true: 0
File:7
[ 54 979 108 123 272 319  41 121  77 168  20  25 115 676]   pred: 1   true: 7
File:8
[ 83 270  21  15  17  95   0  12   5  51  21   0  21 202]   pred: 1   true: 5
File:9
[ 338 1420  129   96  215  669   12   40   37  308   21   12   57  764]   pred: 1   true: 2
File:10
[ 11 681  53 219 166 477   4  10  19  95  28   3  25 482]   pred: 1   true: 1
File:11
[ 53 152   7   4  16  25   0  10   4  54   2  23 233 322]   pred: 13   true: 12
File:12
[  5   2   1   0  20   2   0   1   6   2   0  29   5 155]   pred: 13   true: 13
File:13
[ 39  10 173   4 154   1 179  47 238 405   0  67   1  52]   pred: 9   true: 11

Document ACC
Doc ACC: 5
Doc ACC: 0.357142857143 (norm)
precision recall fscore support
class 0: (0.17500000000000002, 0.35714285714285715, 0.21904761904761902, None)
class 1: (0.17500000000000002, 0.35714285714285715, 0.21904761904761902, None)
class 2: (0.17500000000000002, 0.35714285714285715, 0.21904761904761902, None)
class 3: (0.17500000000000002, 0.35714285714285715, 0.21904761904761902, None)
class 4: (0.17500000000000002, 0.35714285714285715, 0.21904761904761902, None)
class 5: (0.17500000000000002, 0.35714285714285715, 0.21904761904761902, None)
class 6: (0.17500000000000002, 0.35714285714285715, 0.21904761904761902, None)
class 7: (0.17500000000000002, 0.35714285714285715, 0.21904761904761902, None)
class 8: (0.17500000000000002, 0.35714285714285715, 0.21904761904761902, None)
class 9: (0.17500000000000002, 0.35714285714285715, 0.21904761904761902, None)
class 10: (0.17500000000000002, 0.35714285714285715, 0.21904761904761902, None)
class 11: (0.17500000000000002, 0.35714285714285715, 0.21904761904761902, None)
class 12: (0.17500000000000002, 0.35714285714285715, 0.21904761904761902, None)
class 13: (0.17500000000000002, 0.35714285714285715, 0.21904761904761902, None)
avg : (0.17500000000000002, 0.35714285714285715, 0.21904761904761902, None)


./runs/100d_rand_probI/1473236386/checkpoints/3000
Test for prob: I
Total number of test examples: 32574
ACC	0.230429176644
MSE	17.0839626696
Confusion matrix 
[[ 799   44   72    2   68    0   79   63   51  385    0   25    0   10]
 [  16 1205   74  299  103  288   10   12   12   97  105   26   10   17]
 [ 425 2367  161  148   75  349   27   43   50  244   93   63   24   50]
 [  42 1120  106  532   50  106   54    9   83   36   18   70   25   21]
 [ 163  174  459  149  601    0  495  122  354  627    0   35    0   11]
 [  94  461   11   32    7   51    3    9    7   47   55   22    9    6]
 [  42  141  427   51  218    0  802   36  161  213    1   10    0    4]
 [ 100 1628  164  182   94  164  119  144   71  119   80  124   45   65]
 [ 337  165  872   78  293    1  693  427 1040  874    1   50    0   24]
 [  93   66  380   15  222    0  404   78   89 1750    1   10    0    6]
 [  93   67  448  150  188    1  515   86  391  656    8   16    0    8]
 [  55   25  147   27   42    1  414   83  166  312    0   89    2    8]
 [  63  261   15   15    5   63   14    9    6   49    7  103  282   14]
 [  17   10    5    7    4    5    5    5   18    2    3   98    8   42]]
Normalized confusion matrix
[[  5.00e-01   2.75e-02   4.51e-02   1.25e-03   4.26e-02   0.00e+00
    4.94e-02   3.94e-02   3.19e-02   2.41e-01   0.00e+00   1.56e-02
    0.00e+00   6.26e-03]
 [  7.04e-03   5.30e-01   3.25e-02   1.31e-01   4.53e-02   1.27e-01
    4.40e-03   5.28e-03   5.28e-03   4.27e-02   4.62e-02   1.14e-02
    4.40e-03   7.48e-03]
 [  1.03e-01   5.75e-01   3.91e-02   3.59e-02   1.82e-02   8.47e-02
    6.55e-03   1.04e-02   1.21e-02   5.92e-02   2.26e-02   1.53e-02
    5.83e-03   1.21e-02]
 [  1.85e-02   4.93e-01   4.67e-02   2.34e-01   2.20e-02   4.67e-02
    2.38e-02   3.96e-03   3.65e-02   1.58e-02   7.92e-03   3.08e-02
    1.10e-02   9.24e-03]
 [  5.11e-02   5.45e-02   1.44e-01   4.67e-02   1.88e-01   0.00e+00
    1.55e-01   3.82e-02   1.11e-01   1.97e-01   0.00e+00   1.10e-02
    0.00e+00   3.45e-03]
 [  1.15e-01   5.66e-01   1.35e-02   3.93e-02   8.60e-03   6.27e-02
    3.69e-03   1.11e-02   8.60e-03   5.77e-02   6.76e-02   2.70e-02
    1.11e-02   7.37e-03]
 [  1.99e-02   6.70e-02   2.03e-01   2.42e-02   1.04e-01   0.00e+00
    3.81e-01   1.71e-02   7.64e-02   1.01e-01   4.75e-04   4.75e-03
    0.00e+00   1.90e-03]
 [  3.23e-02   5.25e-01   5.29e-02   5.87e-02   3.03e-02   5.29e-02
    3.84e-02   4.65e-02   2.29e-02   3.84e-02   2.58e-02   4.00e-02
    1.45e-02   2.10e-02]
 [  6.94e-02   3.40e-02   1.80e-01   1.61e-02   6.04e-02   2.06e-04
    1.43e-01   8.80e-02   2.14e-01   1.80e-01   2.06e-04   1.03e-02
    0.00e+00   4.94e-03]
 [  2.99e-02   2.12e-02   1.22e-01   4.82e-03   7.13e-02   0.00e+00
    1.30e-01   2.50e-02   2.86e-02   5.62e-01   3.21e-04   3.21e-03
    0.00e+00   1.93e-03]
 [  3.54e-02   2.55e-02   1.71e-01   5.71e-02   7.16e-02   3.81e-04
    1.96e-01   3.27e-02   1.49e-01   2.50e-01   3.05e-03   6.09e-03
    0.00e+00   3.05e-03]
 [  4.01e-02   1.82e-02   1.07e-01   1.97e-02   3.06e-02   7.29e-04
    3.02e-01   6.05e-02   1.21e-01   2.28e-01   0.00e+00   6.49e-02
    1.46e-03   5.84e-03]
 [  6.95e-02   2.88e-01   1.66e-02   1.66e-02   5.52e-03   6.95e-02
    1.55e-02   9.93e-03   6.62e-03   5.41e-02   7.73e-03   1.14e-01
    3.11e-01   1.55e-02]
 [  7.42e-02   4.37e-02   2.18e-02   3.06e-02   1.75e-02   2.18e-02
    2.18e-02   2.18e-02   7.86e-02   8.73e-03   1.31e-02   4.28e-01
    3.49e-02   1.83e-01]]
File:0
[163 174 459 148 601   0 495 122 354 627   0  35   0  11]   pred: 9   true: 4
File:1
[  42 1120  106  532   49  106   54    9   83   36   18   70   25   21]   pred: 1   true: 3
File:2
[ 42 141 426  51 218   0 802  36 161 213   1  10   0   4]   pred: 6   true: 6
File:3
[  93   66  380   15  222    0  404   78   89 1749    1   10    0    6]   pred: 9   true: 9
File:4
[ 337  165  872   78  292    1  693  427 1040  874    1   50    0   24]   pred: 8   true: 8
File:5
[ 93  66 448 150 188   1 515  86 391 656   8  16   0   8]   pred: 9   true: 10
File:6
[798  44  72   2  68   0  79  63  51 385   0  25   0  10]   pred: 0   true: 0
File:7
[ 100 1628  164  182   94  164  119  144   71  119   80  123   45   65]   pred: 1   true: 7
File:8
[ 94 460  11  32   7  51   3   9   7  47  55  22   9   6]   pred: 1   true: 5
File:9
[ 425 2367  161  148   75  349   27   43   50  243   93   63   24   50]   pred: 1   true: 2
File:10
[  16 1205   74  299  103  288   10   12   12   97  105   25   10   17]   pred: 1   true: 1
File:11
[ 63 261  15  15   5  63  14   9   6  49   7 102 282  14]   pred: 12   true: 12
File:12
[17 10  5  7  4  4  5  5 18  2  3 98  8 42]   pred: 11   true: 13
File:13
[ 55  25 147  27  42   1 413  83 166 312   0  89   2   8]   pred: 6   true: 11

Document ACC
Doc ACC: 6
Doc ACC: 0.428571428571 (norm)
precision recall fscore support
class 0: (0.28809523809523807, 0.42857142857142855, 0.32142857142857145, None)
class 1: (0.28809523809523807, 0.42857142857142855, 0.32142857142857145, None)
class 2: (0.28809523809523807, 0.42857142857142855, 0.32142857142857145, None)
class 3: (0.28809523809523807, 0.42857142857142855, 0.32142857142857145, None)
class 4: (0.28809523809523807, 0.42857142857142855, 0.32142857142857145, None)
class 5: (0.28809523809523807, 0.42857142857142855, 0.32142857142857145, None)
class 6: (0.28809523809523807, 0.42857142857142855, 0.32142857142857145, None)
class 7: (0.28809523809523807, 0.42857142857142855, 0.32142857142857145, None)
class 8: (0.28809523809523807, 0.42857142857142855, 0.32142857142857145, None)
class 9: (0.28809523809523807, 0.42857142857142855, 0.32142857142857145, None)
class 10: (0.28809523809523807, 0.42857142857142855, 0.32142857142857145, None)
class 11: (0.28809523809523807, 0.42857142857142855, 0.32142857142857145, None)
class 12: (0.28809523809523807, 0.42857142857142855, 0.32142857142857145, None)
class 13: (0.28809523809523807, 0.42857142857142855, 0.32142857142857145, None)
avg : (0.28809523809523807, 0.42857142857142855, 0.32142857142857145, None)


./runs/100d_rand_probI/1473236386/checkpoints/3500
Test for prob: I
Total number of test examples: 32574
ACC	0.230337078652
MSE	18.9907902008
Confusion matrix 
[[ 925   16   74    6  151    0   20  109    0  276    0    7   10    4]
 [  15  681   56  908  170  137    3   25    0   64   92    2   40   81]
 [ 409 1515  111  782  229  219   12  151    0  180   76    6  198  231]
 [  50  482   41 1215  250   13    7   33    0   25   10    9   82   55]
 [ 187   51  332  188 1647    0   76  234    3  441    1   12    7   11]
 [  95  282   16  187   20   12    1   23    0   38   37    0   72   31]
 [  62  110  373   78  785    0  419  103    4  145    0    2   21    4]
 [  98  950   96  738  302   69   24  284    0   74   44    7  198  215]
 [ 415   66 1056  169 1353    0  143  903   18  655    0   11   47   19]
 [ 130   39  492   61  534    0  118  150    4 1566    1    2   10    7]
 [  85   18  504  263  780    0  185  220    8  518   14    3   20    9]
 [  80    9  275   54  262    1  113  210    5  257    0   47   46   12]
 [  45  117   16   88   12    7    3   14    0   43    9   11  512   29]
 [  13    3    0   14   28    1    0   11    0    1    0   10   96   52]]
Normalized confusion matrix
[[  5.79e-01   1.00e-02   4.63e-02   3.75e-03   9.45e-02   0.00e+00
    1.25e-02   6.82e-02   0.00e+00   1.73e-01   0.00e+00   4.38e-03
    6.26e-03   2.50e-03]
 [  6.60e-03   2.99e-01   2.46e-02   3.99e-01   7.48e-02   6.02e-02
    1.32e-03   1.10e-02   0.00e+00   2.81e-02   4.05e-02   8.80e-04
    1.76e-02   3.56e-02]
 [  9.93e-02   3.68e-01   2.69e-02   1.90e-01   5.56e-02   5.32e-02
    2.91e-03   3.67e-02   0.00e+00   4.37e-02   1.85e-02   1.46e-03
    4.81e-02   5.61e-02]
 [  2.20e-02   2.12e-01   1.80e-02   5.35e-01   1.10e-01   5.72e-03
    3.08e-03   1.45e-02   0.00e+00   1.10e-02   4.40e-03   3.96e-03
    3.61e-02   2.42e-02]
 [  5.86e-02   1.60e-02   1.04e-01   5.89e-02   5.16e-01   0.00e+00
    2.38e-02   7.34e-02   9.40e-04   1.38e-01   3.13e-04   3.76e-03
    2.19e-03   3.45e-03]
 [  1.17e-01   3.46e-01   1.97e-02   2.30e-01   2.46e-02   1.47e-02
    1.23e-03   2.83e-02   0.00e+00   4.67e-02   4.55e-02   0.00e+00
    8.85e-02   3.81e-02]
 [  2.94e-02   5.22e-02   1.77e-01   3.70e-02   3.73e-01   0.00e+00
    1.99e-01   4.89e-02   1.90e-03   6.89e-02   0.00e+00   9.50e-04
    9.97e-03   1.90e-03]
 [  3.16e-02   3.07e-01   3.10e-02   2.38e-01   9.75e-02   2.23e-02
    7.74e-03   9.16e-02   0.00e+00   2.39e-02   1.42e-02   2.26e-03
    6.39e-02   6.94e-02]
 [  8.55e-02   1.36e-02   2.18e-01   3.48e-02   2.79e-01   0.00e+00
    2.95e-02   1.86e-01   3.71e-03   1.35e-01   0.00e+00   2.27e-03
    9.68e-03   3.91e-03]
 [  4.17e-02   1.25e-02   1.58e-01   1.96e-02   1.71e-01   0.00e+00
    3.79e-02   4.82e-02   1.28e-03   5.03e-01   3.21e-04   6.42e-04
    3.21e-03   2.25e-03]
 [  3.24e-02   6.85e-03   1.92e-01   1.00e-01   2.97e-01   0.00e+00
    7.04e-02   8.37e-02   3.05e-03   1.97e-01   5.33e-03   1.14e-03
    7.61e-03   3.43e-03]
 [  5.84e-02   6.56e-03   2.01e-01   3.94e-02   1.91e-01   7.29e-04
    8.24e-02   1.53e-01   3.65e-03   1.87e-01   0.00e+00   3.43e-02
    3.36e-02   8.75e-03]
 [  4.97e-02   1.29e-01   1.77e-02   9.71e-02   1.32e-02   7.73e-03
    3.31e-03   1.55e-02   0.00e+00   4.75e-02   9.93e-03   1.21e-02
    5.65e-01   3.20e-02]
 [  5.68e-02   1.31e-02   0.00e+00   6.11e-02   1.22e-01   4.37e-03
    0.00e+00   4.80e-02   0.00e+00   4.37e-03   0.00e+00   4.37e-02
    4.19e-01   2.27e-01]]
File:0
[ 187   51  332  187 1647    0   76  234    3  441    1   12    7   11]   pred: 4   true: 4
File:1
[  50  482   41 1215  249   13    7   33    0   25   10    9   82   55]   pred: 3   true: 3
File:2
[ 62 110 373  78 784   0 419 103   4 145   0   2  21   4]   pred: 4   true: 6
File:3
[ 130   39  492   61  534    0  118  150    4 1565    1    2   10    7]   pred: 9   true: 9
File:4
[ 415   66 1056  169 1352    0  143  903   18  655    0   11   47   19]   pred: 4   true: 8
File:5
[ 85  17 504 263 780   0 185 220   8 518  14   3  20   9]   pred: 4   true: 10
File:6
[924  16  74   6 151   0  20 109   0 276   0   7  10   4]   pred: 0   true: 0
File:7
[ 98 950  96 738 302  69  24 284   0  74  44   7 197 215]   pred: 1   true: 7
File:8
[ 95 282  16 187  20  12   1  23   0  38  37   0  71  31]   pred: 1   true: 5
File:9
[ 409 1515  111  782  228  219   12  151    0  180   76    6  198  231]   pred: 1   true: 2
File:10
[ 15 681  56 908 170 137   3  25   0  64  92   2  40  80]   pred: 3   true: 1
File:11
[ 45 117  16  88  12   7   3  14   0  43   9  10 512  29]   pred: 12   true: 12
File:12
[13  3  0 14 28  0  0 11  0  1  0 10 96 52]   pred: 12   true: 13
File:13
[ 80   9 275  54 262   1 112 210   5 257   0  47  46  12]   pred: 2   true: 11

Document ACC
Doc ACC: 5
Doc ACC: 0.357142857143 (norm)
precision recall fscore support
class 0: (0.23214285714285715, 0.35714285714285715, 0.26666666666666666, None)
class 1: (0.23214285714285715, 0.35714285714285715, 0.26666666666666666, None)
class 2: (0.23214285714285715, 0.35714285714285715, 0.26666666666666666, None)
class 3: (0.23214285714285715, 0.35714285714285715, 0.26666666666666666, None)
class 4: (0.23214285714285715, 0.35714285714285715, 0.26666666666666666, None)
class 5: (0.23214285714285715, 0.35714285714285715, 0.26666666666666666, None)
class 6: (0.23214285714285715, 0.35714285714285715, 0.26666666666666666, None)
class 7: (0.23214285714285715, 0.35714285714285715, 0.26666666666666666, None)
class 8: (0.23214285714285715, 0.35714285714285715, 0.26666666666666666, None)
class 9: (0.23214285714285715, 0.35714285714285715, 0.26666666666666666, None)
class 10: (0.23214285714285715, 0.35714285714285715, 0.26666666666666666, None)
class 11: (0.23214285714285715, 0.35714285714285715, 0.26666666666666666, None)
class 12: (0.23214285714285715, 0.35714285714285715, 0.26666666666666666, None)
class 13: (0.23214285714285715, 0.35714285714285715, 0.26666666666666666, None)
avg : (0.23214285714285715, 0.35714285714285715, 0.26666666666666666, None)


./runs/100d_rand_probI/1473236386/checkpoints/4000
Test for prob: I
Total number of test examples: 32574
ACC	0.23027567999
MSE	21.079541966
Confusion matrix 
[[ 716   18   59    2  272    0    6  106    5  294   11   66    4   39]
 [   1  745   40  336  215  141    0   17    2   74  510   23   61  109]
 [ 161 1533  105  159  444  143    3  102    4  203  650   60  197  355]
 [   3  680   25  549  390   24    5    6    4   25  203   78  131  149]
 [  57   40  217   78 2015    0   18  148   62  474   16   42    4   19]
 [  33  222   12   41   40   11    0   26    8   42  256   25   50   48]
 [  18   90  281   46  880    0  346   66  113  226    1   23   15    1]
 [  33 1021   67  136  490   62   14  183    2   65  362  145  231  288]
 [ 137   46  792   68 1946    1   31  611  306  740   30   87   30   30]
 [  31   33  387   34  654    0   37  135   47 1698   13   19   13   13]
 [  16   22  382  133 1017    1   62  118  173  538  122   14   14   15]
 [  28    9  222   23  343    1   30  193   71  312    5   96   22   16]
 [  12  109   15   10   19    8    2   10    0   41   40   44  535   61]
 [   0    1    0    3   39    0    0    4    1    2    5   59   41   74]]
Normalized confusion matrix
[[  4.48e-01   1.13e-02   3.69e-02   1.25e-03   1.70e-01   0.00e+00
    3.75e-03   6.63e-02   3.13e-03   1.84e-01   6.88e-03   4.13e-02
    2.50e-03   2.44e-02]
 [  4.40e-04   3.28e-01   1.76e-02   1.48e-01   9.45e-02   6.20e-02
    0.00e+00   7.48e-03   8.80e-04   3.25e-02   2.24e-01   1.01e-02
    2.68e-02   4.79e-02]
 [  3.91e-02   3.72e-01   2.55e-02   3.86e-02   1.08e-01   3.47e-02
    7.28e-04   2.48e-02   9.71e-04   4.93e-02   1.58e-01   1.46e-02
    4.78e-02   8.62e-02]
 [  1.32e-03   2.99e-01   1.10e-02   2.42e-01   1.72e-01   1.06e-02
    2.20e-03   2.64e-03   1.76e-03   1.10e-02   8.93e-02   3.43e-02
    5.77e-02   6.56e-02]
 [  1.79e-02   1.25e-02   6.80e-02   2.45e-02   6.32e-01   0.00e+00
    5.64e-03   4.64e-02   1.94e-02   1.49e-01   5.02e-03   1.32e-02
    1.25e-03   5.96e-03]
 [  4.05e-02   2.73e-01   1.47e-02   5.04e-02   4.91e-02   1.35e-02
    0.00e+00   3.19e-02   9.83e-03   5.16e-02   3.14e-01   3.07e-02
    6.14e-02   5.90e-02]
 [  8.55e-03   4.27e-02   1.33e-01   2.18e-02   4.18e-01   0.00e+00
    1.64e-01   3.13e-02   5.37e-02   1.07e-01   4.75e-04   1.09e-02
    7.12e-03   4.75e-04]
 [  1.06e-02   3.29e-01   2.16e-02   4.39e-02   1.58e-01   2.00e-02
    4.52e-03   5.91e-02   6.45e-04   2.10e-02   1.17e-01   4.68e-02
    7.45e-02   9.29e-02]
 [  2.82e-02   9.47e-03   1.63e-01   1.40e-02   4.01e-01   2.06e-04
    6.39e-03   1.26e-01   6.30e-02   1.52e-01   6.18e-03   1.79e-02
    6.18e-03   6.18e-03]
 [  9.96e-03   1.06e-02   1.24e-01   1.09e-02   2.10e-01   0.00e+00
    1.19e-02   4.34e-02   1.51e-02   5.45e-01   4.17e-03   6.10e-03
    4.17e-03   4.17e-03]
 [  6.09e-03   8.37e-03   1.45e-01   5.06e-02   3.87e-01   3.81e-04
    2.36e-02   4.49e-02   6.59e-02   2.05e-01   4.64e-02   5.33e-03
    5.33e-03   5.71e-03]
 [  2.04e-02   6.56e-03   1.62e-01   1.68e-02   2.50e-01   7.29e-04
    2.19e-02   1.41e-01   5.18e-02   2.28e-01   3.65e-03   7.00e-02
    1.60e-02   1.17e-02]
 [  1.32e-02   1.20e-01   1.66e-02   1.10e-02   2.10e-02   8.83e-03
    2.21e-03   1.10e-02   0.00e+00   4.53e-02   4.42e-02   4.86e-02
    5.91e-01   6.73e-02]
 [  0.00e+00   4.37e-03   0.00e+00   1.31e-02   1.70e-01   0.00e+00
    0.00e+00   1.75e-02   4.37e-03   8.73e-03   2.18e-02   2.58e-01
    1.79e-01   3.23e-01]]
File:0
[  57   40  217   77 2015    0   18  148   62  474   16   42    4   19]   pred: 4   true: 4
File:1
[  3 680  25 549 389  24   5   6   4  25 203  78 131 149]   pred: 1   true: 3
File:2
[ 18  90 281  46 879   0 346  66 113 226   1  23  15   1]   pred: 4   true: 6
File:3
[  31   33  387   34  654    0   37  135   47 1697   13   19   13   13]   pred: 9   true: 9
File:4
[ 137   46  792   68 1945    1   31  611  306  740   30   87   30   30]   pred: 4   true: 8
File:5
[  16   21  382  133 1017    1   62  118  173  538  122   14   14   15]   pred: 4   true: 10
File:6
[715  18  59   2 272   0   6 106   5 294  11  66   4  39]   pred: 0   true: 0
File:7
[  33 1021   67  136  490   62   14  183    2   65  362  144  231  288]   pred: 1   true: 7
File:8
[ 33 222  12  41  40  11   0  26   8  42 255  25  50  48]   pred: 10   true: 5
File:9
[ 161 1533  105  159  444  143    3  102    4  202  650   60  197  355]   pred: 1   true: 2
File:10
[  1 745  40 336 215 141   0  17   2  74 509  23  61 109]   pred: 1   true: 1
File:11
[ 12 109  15  10  19   8   2  10   0  41  40  43 535  61]   pred: 12   true: 12
File:12
[ 0  1  0  3 39  0  0  4  1  2  5 59 40 74]   pred: 13   true: 13
File:13
[ 28   9 222  23 343   1  30 192  71 312   5  96  22  16]   pred: 4   true: 11

Document ACC
Doc ACC: 6
Doc ACC: 0.428571428571 (norm)
precision recall fscore support
class 0: (0.31785714285714289, 0.42857142857142855, 0.33809523809523812, None)
class 1: (0.31785714285714289, 0.42857142857142855, 0.33809523809523812, None)
class 2: (0.31785714285714289, 0.42857142857142855, 0.33809523809523812, None)
class 3: (0.31785714285714289, 0.42857142857142855, 0.33809523809523812, None)
class 4: (0.31785714285714289, 0.42857142857142855, 0.33809523809523812, None)
class 5: (0.31785714285714289, 0.42857142857142855, 0.33809523809523812, None)
class 6: (0.31785714285714289, 0.42857142857142855, 0.33809523809523812, None)
class 7: (0.31785714285714289, 0.42857142857142855, 0.33809523809523812, None)
class 8: (0.31785714285714289, 0.42857142857142855, 0.33809523809523812, None)
class 9: (0.31785714285714289, 0.42857142857142855, 0.33809523809523812, None)
class 10: (0.31785714285714289, 0.42857142857142855, 0.33809523809523812, None)
class 11: (0.31785714285714289, 0.42857142857142855, 0.33809523809523812, None)
class 12: (0.31785714285714289, 0.42857142857142855, 0.33809523809523812, None)
class 13: (0.31785714285714289, 0.42857142857142855, 0.33809523809523812, None)
avg : (0.31785714285714289, 0.42857142857142855, 0.33809523809523812, None)


./runs/100d_rand_probI/1473236386/checkpoints/4500
Test for prob: I
Total number of test examples: 32574
ACC	0.237275127402
MSE	18.1250076748
Confusion matrix 
[[ 823   38   56    1  129    0   81  129    3  244    0   77    3   14]
 [  10 1053   53  327  142  291   27   24    1   60  114   14   78   80]
 [ 161 2035  137  170  190  267   67  175    1  247   89   77  220  283]
 [  15  865   51  599  173  102   86   32    1   24   13   68  138  105]
 [ 148  135  293   76 1227    3  551  254   27  396    4   48    1   27]
 [  38  374   16   58   14   50   14   31    7   45   29   37   67   34]
 [  14   89  213   22  401    1 1153   46   10  137    0   11    4    5]
 [  53 1343   85  148  200  123  141  284    1   62   57   99  254  249]
 [ 188  126  726   78  971    5 1112  798   75  591    3  110   25   47]
 [  54   63  388   27  438    4  424  122    8 1539    1   23    7   16]
 [  31   46  353  145  620    5  629  173   37  473   57   27   11   20]
 [  24   23  143   14  124    2  557  143    7  197    2   88   27   20]
 [   8  130   12   12    5   15   24   12    0   44    6   53  552   33]
 [   1    5    0    4   13    1    8    6    0    3    1   50   45   92]]
Normalized confusion matrix
[[  5.15e-01   2.38e-02   3.50e-02   6.26e-04   8.07e-02   0.00e+00
    5.07e-02   8.07e-02   1.88e-03   1.53e-01   0.00e+00   4.82e-02
    1.88e-03   8.76e-03]
 [  4.40e-03   4.63e-01   2.33e-02   1.44e-01   6.24e-02   1.28e-01
    1.19e-02   1.06e-02   4.40e-04   2.64e-02   5.01e-02   6.16e-03
    3.43e-02   3.52e-02]
 [  3.91e-02   4.94e-01   3.33e-02   4.13e-02   4.61e-02   6.48e-02
    1.63e-02   4.25e-02   2.43e-04   6.00e-02   2.16e-02   1.87e-02
    5.34e-02   6.87e-02]
 [  6.60e-03   3.81e-01   2.24e-02   2.64e-01   7.61e-02   4.49e-02
    3.79e-02   1.41e-02   4.40e-04   1.06e-02   5.72e-03   2.99e-02
    6.07e-02   4.62e-02]
 [  4.64e-02   4.23e-02   9.18e-02   2.38e-02   3.85e-01   9.40e-04
    1.73e-01   7.96e-02   8.46e-03   1.24e-01   1.25e-03   1.50e-02
    3.13e-04   8.46e-03]
 [  4.67e-02   4.59e-01   1.97e-02   7.13e-02   1.72e-02   6.14e-02
    1.72e-02   3.81e-02   8.60e-03   5.53e-02   3.56e-02   4.55e-02
    8.23e-02   4.18e-02]
 [  6.65e-03   4.23e-02   1.01e-01   1.04e-02   1.90e-01   4.75e-04
    5.47e-01   2.18e-02   4.75e-03   6.51e-02   0.00e+00   5.22e-03
    1.90e-03   2.37e-03]
 [  1.71e-02   4.33e-01   2.74e-02   4.78e-02   6.45e-02   3.97e-02
    4.55e-02   9.16e-02   3.23e-04   2.00e-02   1.84e-02   3.19e-02
    8.20e-02   8.03e-02]
 [  3.87e-02   2.60e-02   1.50e-01   1.61e-02   2.00e-01   1.03e-03
    2.29e-01   1.64e-01   1.54e-02   1.22e-01   6.18e-04   2.27e-02
    5.15e-03   9.68e-03]
 [  1.73e-02   2.02e-02   1.25e-01   8.67e-03   1.41e-01   1.28e-03
    1.36e-01   3.92e-02   2.57e-03   4.94e-01   3.21e-04   7.39e-03
    2.25e-03   5.14e-03]
 [  1.18e-02   1.75e-02   1.34e-01   5.52e-02   2.36e-01   1.90e-03
    2.39e-01   6.59e-02   1.41e-02   1.80e-01   2.17e-02   1.03e-02
    4.19e-03   7.61e-03]
 [  1.75e-02   1.68e-02   1.04e-01   1.02e-02   9.04e-02   1.46e-03
    4.06e-01   1.04e-01   5.11e-03   1.44e-01   1.46e-03   6.42e-02
    1.97e-02   1.46e-02]
 [  8.83e-03   1.43e-01   1.32e-02   1.32e-02   5.52e-03   1.66e-02
    2.65e-02   1.32e-02   0.00e+00   4.86e-02   6.62e-03   5.85e-02
    6.09e-01   3.64e-02]
 [  4.37e-03   2.18e-02   0.00e+00   1.75e-02   5.68e-02   4.37e-03
    3.49e-02   2.62e-02   0.00e+00   1.31e-02   4.37e-03   2.18e-01
    1.97e-01   4.02e-01]]
File:0
[ 148  135  293   75 1227    3  551  254   27  396    4   48    1   27]   pred: 4   true: 4
File:1
[ 15 865  51 599 172 102  86  32   1  24  13  68 138 105]   pred: 1   true: 3
File:2
[  14   89  213   21  401    1 1153   46   10  137    0   11    4    5]   pred: 6   true: 6
File:3
[  54   63  388   27  438    4  424  122    8 1538    1   23    7   16]   pred: 9   true: 9
File:4
[ 188  126  726   78  970    5 1112  798   75  591    3  110   25   47]   pred: 6   true: 8
File:5
[ 31  45 353 145 620   5 629 173  37 473  57  27  11  20]   pred: 6   true: 10
File:6
[822  38  56   1 129   0  81 129   3 244   0  77   3  14]   pred: 0   true: 0
File:7
[  53 1343   85  148  200  123  141  284    1   62   57   99  253  249]   pred: 1   true: 7
File:8
[ 38 374  16  58  14  50  14  31   7  45  29  36  67  34]   pred: 1   true: 5
File:9
[ 161 2035  137  170  189  267   67  175    1  247   89   77  220  283]   pred: 1   true: 2
File:10
[  10 1053   53  327  142  291   27   24    1   60  114   14   78   79]   pred: 1   true: 1
File:11
[  8 130  12  12   5  15  24  12   0  44   6  52 552  33]   pred: 12   true: 12
File:12
[ 1  5  0  4 13  1  8  6  0  3  1 50 44 92]   pred: 13   true: 13
File:13
[ 24  23 143  14 124   2 556 143   7 197   2  88  27  20]   pred: 6   true: 11

Document ACC
Doc ACC: 7
Doc ACC: 0.5 (norm)
precision recall fscore support
class 0: (0.38928571428571429, 0.5, 0.40952380952380951, None)
class 1: (0.38928571428571429, 0.5, 0.40952380952380951, None)
class 2: (0.38928571428571429, 0.5, 0.40952380952380951, None)
class 3: (0.38928571428571429, 0.5, 0.40952380952380951, None)
class 4: (0.38928571428571429, 0.5, 0.40952380952380951, None)
class 5: (0.38928571428571429, 0.5, 0.40952380952380951, None)
class 6: (0.38928571428571429, 0.5, 0.40952380952380951, None)
class 7: (0.38928571428571429, 0.5, 0.40952380952380951, None)
class 8: (0.38928571428571429, 0.5, 0.40952380952380951, None)
class 9: (0.38928571428571429, 0.5, 0.40952380952380951, None)
class 10: (0.38928571428571429, 0.5, 0.40952380952380951, None)
class 11: (0.38928571428571429, 0.5, 0.40952380952380951, None)
class 12: (0.38928571428571429, 0.5, 0.40952380952380951, None)
class 13: (0.38928571428571429, 0.5, 0.40952380952380951, None)
avg : (0.38928571428571429, 0.5, 0.40952380952380951, None)


